data/US1200R.20200101000000.20210214053818.nephelometer.aerosol_light_scattering_coefficient.pm10.1y.1h.US06L_TSI_3563_MLO.US06L_scat_coef.lev2.nas
90 1001
Sheridan, Patrick
US06L, National Oceanic and Atmospheric Administration/Earth System Research Laboratory/Global Monitoring Division, NOAA/ESRL/GMD, , 325 Broadway, , 80305, "Boulder, CO", USA
Sheridan, Patrick
GAW-WDCA NOAA-ESRL
1 1
2020 01 01 2021 02 14
0.041667
days from file reference point
23
1 1 1 1 1 1 1 1 1 1 1 1 1 1 1 1 1 1 1 1 1 1 1
9999.999999 9999.9 9999.99 99.9 9999.99 9999.99 9999.99 9999.99 9999.99 9999.99 9999.99 9999.99 9999.99 9999.99 9999.99 9999.99 9999.99 9999.99 9999.99 9999.99 9999.99 9999.99 9.999999999
end_time of measurement, days from the file reference point
pressure, hPa, Location=instrument internal, Matrix=instrument
temperature, K, Location=instrument internal, Matrix=instrument
relative_humidity, %, Location=instrument internal, Matrix=instrument
aerosol_light_scattering_coefficient, 1/Mm, Wavelength=450 nm
aerosol_light_scattering_coefficient, 1/Mm, Wavelength=550 nm
aerosol_light_scattering_coefficient, 1/Mm, Wavelength=700 nm
aerosol_light_backscattering_coefficient, 1/Mm, Wavelength=450 nm
aerosol_light_backscattering_coefficient, 1/Mm, Wavelength=550 nm
aerosol_light_backscattering_coefficient, 1/Mm, Wavelength=700 nm
aerosol_light_scattering_coefficient, 1/Mm, Wavelength=450 nm, Statistics=percentile:15.87
aerosol_light_scattering_coefficient, 1/Mm, Wavelength=550 nm, Statistics=percentile:15.87
aerosol_light_scattering_coefficient, 1/Mm, Wavelength=700 nm, Statistics=percentile:15.87
aerosol_light_backscattering_coefficient, 1/Mm, Wavelength=450 nm, Statistics=percentile:15.87
aerosol_light_backscattering_coefficient, 1/Mm, Wavelength=550 nm, Statistics=percentile:15.87
aerosol_light_backscattering_coefficient, 1/Mm, Wavelength=700 nm, Statistics=percentile:15.87
aerosol_light_scattering_coefficient, 1/Mm, Wavelength=450 nm, Statistics=percentile:84.13
aerosol_light_scattering_coefficient, 1/Mm, Wavelength=550 nm, Statistics=percentile:84.13
aerosol_light_scattering_coefficient, 1/Mm, Wavelength=700 nm, Statistics=percentile:84.13
aerosol_light_backscattering_coefficient, 1/Mm, Wavelength=450 nm, Statistics=percentile:84.13
aerosol_light_backscattering_coefficient, 1/Mm, Wavelength=550 nm, Statistics=percentile:84.13
aerosol_light_backscattering_coefficient, 1/Mm, Wavelength=700 nm, Statistics=percentile:84.13
numflag
0
53
Data definition:              EBAS_1.1
Set type code:                TU
Timezone:                     UTC
File name:                    US1200R.20200101000000.20210214053818.nephelometer.aerosol_light_scattering_coefficient.pm10.1y.1h.US06L_TSI_3563_MLO.US06L_scat_coef.lev2.nas
File creation:                20210214053818
Startdate:                    20200101000000
Revision date:                20210214053818
Version:                      1
Version description:          Version numbering not tracked, generated by CPD3 EBAS Export v26-26-g3d69ddf-m run as cpd3_detached_task (31729) run by aerosol on aeroproc.cmdl.noaa.gov via cpd3_detached_task
Data level:                   2
Period code:                  1y
Resolution code:              1h
Sample duration:              1h
Orig. time res.:              1mn
Station code:                 US1200R
Station WDCA-ID:              GAWAUSHIMLO
Station GAW-ID:               MLO
Station GAW-Name:             Mauna Loa, Hawaii
Station state/province:       Hawaii
[...]
Laboratory code:              US06L
Instrument type:              nephelometer
Instrument name:              TSI_3563_MLO
Instrument manufacturer:      TSI
Instrument model:             3563
Instrument serial number:     1034
Method ref:                   US06L_scat_coef
Standard method:              cal-gas=CO2+AIR_truncation-correction=Anderson1998
Inlet type:                   Impactor--direct
Inlet description:            Switched impactor at 10 um
Humidity/temperature control: Heating to 40% RH, limit 40 deg. C
Volume std. temperature:      273.15K
Volume std. pressure:         1013.25hPa
Zero/negative values code:    Zero/negative possible
Zero/negative values:         Zero and neg. values may appear due to statistical variations at very low concentrations
Originator:                   Sheridan, Patrick, Patrick.Sheridan@noaa.gov, National Oceanic and Atmospheric Administration/Earth System Research Laboratory/Global Monitoring Division, NOAA/ESRL/GMD, , 325 Broadway, , 80305, "Boulder, CO", USA
Submitter:                    Sheridan, Patrick, Patrick.Sheridan@noaa.gov, National Oceanic and Atmospheric Administration/Earth System Research Laboratory/Global Monitoring Division, NOAA/ESRL/GMD, , 325 Broadway, , 80305, "Boulder, CO", USA
Acknowledgement:              Request acknowledgement details from data originator
Comment:                      Standard Anderson & Ogren 1998 values used for truncation correction
start_time end_time p_int T_int RH_int sc450 sc550 sc700 bsc450 bsc550 bsc700 sc450pc16 sc550pc16 sc700pc16 bsc450pc16 bsc550pc16 bsc700pc16 sc450pc84 sc550pc84 sc700pc84 bsc450pc84 bsc550pc84 bsc700pc84 numflag
[from data line 6161]
 256.708333  256.750000  678.2  302.90  0.0 9999.99 9999.99 9999.99 9999.99 9999.99 9999.99 9999.99 9999.99 9999.99 9999.99 9999.99 9999.99 9999.99 9999.99 9999.99 9999.99 9999.99 9999.99 0.189000000
 256.750000  256.791667  678.6  303.71  0.0 9999.99 9999.99 9999.99 9999.99 9999.99 9999.99 9999.99 9999.99 9999.99 9999.99 9999.99 9999.99 9999.99 9999.99 9999.99 9999.99 9999.99 9999.99 0.189000000
 256.791667  256.833333  679.0  304.12  2.3 9999.99 9999.99 9999.99 9999.99 9999.99 9999.99 9999.99 9999.99 9999.99 9999.99 9999.99 9999.99 9999.99 9999.99 9999.99 9999.99 9999.99 9999.99 0.189000000
 256.833333  256.875000  678.8  304.42  7.2 9999.99 9999.99 9999.99 9999.99 9999.99 9999.99 9999.99 9999.99 9999.99 9999.99 9999.99 9999.99 9999.99 9999.99 9999.99 9999.99 9999.99 9999.99 0.189000000
 256.875000  256.916667  678.6  304.68 11.1 9999.99 9999.99 9999.99 9999.99 9999.99 9999.99 9999.99 9999.99 9999.99 9999.99 9999.99 9999.99 9999.99 9999.99 9999.99 9999.99 9999.99 9999.99 0.189000000
 256.916667  256.958333  678.6  305.01 13.1 9999.99 9999.99 9999.99 9999.99 9999.99 9999.99 9999.99 9999.99 9999.99 9999.99 9999.99 9999.99 9999.99 9999.99 9999.99 9999.99 9999.99 9999.99 0.189000000
 256.958333  257.000000  678.0  305.40 16.8 9999.99 9999.99 9999.99 9999.99 9999.99 9999.99 9999.99 9999.99 9999.99 9999.99 9999.99 9999.99 9999.99 9999.99 9999.99 9999.99 9999.99 9999.99 0.189000000
 257.000000  257.041667  678.0  305.74 17.5 9999.99 9999.99 9999.99 9999.99 9999.99 9999.99 9999.99 9999.99 9999.99 9999.99 9999.99 9999.99 9999.99 9999.99 9999.99 9999.99 9999.99 9999.99 0.189000000
 257.041667  257.083333  677.8  305.31 18.1 9999.99 9999.99 9999.99 9999.99 9999.99 9999.99 9999.99 9999.99 9999.99 9999.99 9999.99 9999.99 9999.99 9999.99 9999.99 9999.99 9999.99 9999.99 0.189000000
 257.083333  257.125000  677.7  303.06 21.7 9999.99 9999.99 9999.99 9999.99 9999.99 9999.99 9999.99 9999.99 9999.99 9999.99 9999.99 9999.99 9999.99 9999.99 9999.99 9999.99 9999.99 9999.99 0.189000000
 257.125000  257.166667  677.6  301.44 17.9 9999.99 9999.99 9999.99 9999.99 9999.99 9999.99 9999.99 9999.99 9999.99 9999.99 9999.99 9999.99 9999.99 9999.99 9999.99 9999.99 9999.99 9999.99 0.189000000
 257.166667  257.208333  677.8  300.32  8.2 9999.99 9999.99 9999.99 9999.99 9999.99 9999.99 9999.99 9999.99 9999.99 9999.99 9999.99 9999.99 9999.99 9999.99 9999.99 9999.99 9999.99 9999.99 0.189000000
 257.208333  257.250000  678.1  299.48  1.1    0.82    0.75    0.20   -0.01    0.14   -0.03   -0.13    0.41   -0.10   -0.27   -0.09   -0.31    2.00    1.15    0.35    0.40    0.40    0.19 0.189000000
 257.250000  257.291667  678.4  298.68  1.0    0.33    0.57   -0.19    0.03   -0.22    0.15   -0.28    0.06   -0.52   -0.46   -0.40   -0.01    1.14    0.93    0.07    0.54   -0.04    0.42 0.000000000
 257.291667  257.333333  678.6  297.99  1.6    0.53    0.61    0.57    0.24    0.28    0.28   -0.17    0.28    0.09   -0.03    0.09   -0.04    1.27    0.97    1.21    0.40    0.50    0.48 0.000000000
 257.333333  257.375000  678.4  297.48  1.9    0.37    0.57    0.72    0.25    0.10    0.09   -0.23    0.02    0.31   -0.03   -0.13   -0.21    1.08    1.02    1.10    0.57    0.28    0.48 0.000000000
 257.375000  257.416667  678.0  297.29  2.0    0.66    0.47    0.21    0.25    0.18    0.20    0.18    0.19   -0.00    0.08   -0.06   -0.00    1.18    0.64    0.35    0.58    0.42    0.38 0.000000000
 257.416667  257.458333  677.9  298.91  1.4    0.32    0.77   -0.07    0.03    0.11    0.17   -0.28    0.24   -0.54   -0.48   -0.12   -0.19    0.81    1.50    0.36    0.48    0.53    0.42 0.000000000
 257.458333  257.500000  677.7  300.01  1.2    0.47    0.45    0.89    0.23   -0.03    0.13   -0.03    0.01    0.02   -0.09   -0.18   -0.18    1.06    1.11    1.57    0.78    0.27    0.45 0.000000000
 257.500000  257.541667  677.4  300.51  1.1    0.55    0.63    0.11    0.43    0.15    0.14   -0.02    0.24   -0.05   -0.06   -0.03   -0.16    0.97    1.13    0.53    0.69    0.41    0.58 0.000000000
 257.541667  257.583333  677.3  300.74  0.7    0.23    0.12    0.40    0.22    0.03    0.20   -0.34   -0.33    0.06   -0.04   -0.16   -0.06    0.92    0.45    0.68    0.51    0.26    0.44 0.000000000
 257.583333  257.625000  677.3  300.82  0.3    0.56    0.07   -0.07    0.35    0.08    0.14   -0.10   -0.23   -0.57   -0.06   -0.20   -0.17    1.12    0.55    0.36    0.81    0.36    0.46 0.000000000
 257.625000  257.666667  677.6  300.79  0.0    0.54    0.37    0.13   -0.05    0.07    0.06   -0.09    0.01   -0.14   -0.52   -0.10   -0.22    1.21    0.66    0.25    0.57    0.24    0.31 0.000000000
 257.666667  257.708333  678.0  300.80  0.0    0.70    0.42    0.08   -0.28   -0.12    0.08    0.43   -0.11   -0.25   -0.53   -0.40   -0.21    1.08    0.76    0.32    0.06    0.10    0.40 0.000000000
 257.708333  257.750000  678.6  301.57  0.0    0.44    0.64    0.55    0.21    0.16    0.26    0.09    0.34    0.16   -0.01   -0.01    0.08    0.99    1.10    1.63    0.52    0.55    0.77 0.189000000
 257.750000  257.791667  679.2  302.27  0.1 9999.99 9999.99 9999.99 9999.99 9999.99 9999.99 9999.99 9999.99 9999.99 9999.99 9999.99 9999.99 9999.99 9999.99 9999.99 9999.99 9999.99 9999.99 0.189000000
 257.791667  257.833333  679.3  302.66  2.2 9999.99 9999.99 9999.99 9999.99 9999.99 9999.99 9999.99 9999.99 9999.99 9999.99 9999.99 9999.99 9999.99 9999.99 9999.99 9999.99 9999.99 9999.99 0.189000000
 257.833333  257.875000  679.4  303.14 10.9 9999.99 9999.99 9999.99 9999.99 9999.99 9999.99 9999.99 9999.99 9999.99 9999.99 9999.99 9999.99 9999.99 9999.99 9999.99 9999.99 9999.99 9999.99 0.189000000
 257.875000  257.916667  679.2  303.64 14.0 9999.99 9999.99 9999.99 9999.99 9999.99 9999.99 9999.99 9999.99 9999.99 9999.99 9999.99 9999.99 9999.99 9999.99 9999.99 9999.99 9999.99 9999.99 0.189000000
 257.916667  257.958333  678.7  304.09 15.9 9999.99 9999.99 9999.99 9999.99 9999.99 9999.99 9999.99 9999.99 9999.99 9999.99 9999.99 9999.99 9999.99 9999.99 9999.99 9999.99 9999.99 9999.99 0.189000000
 257.958333  258.000000  678.6  304.57 17.3 9999.99 9999.99 9999.99 9999.99 9999.99 9999.99 9999.99 9999.99 9999.99 9999.99 9999.99 9999.99 9999.99 9999.99 9999.99 9999.99 9999.99 9999.99 0.189000000
 258.000000  258.041667  678.0  304.98 17.8 9999.99 9999.99 9999.99 9999.99 9999.99 9999.99 9999.99 9999.99 9999.99 9999.99 9999.99 9999.99 9999.99 9999.99 9999.99 9999.99 9999.99 9999.99 0.189000000
 258.041667  258.083333  678.0  305.05 17.9 9999.99 9999.99 9999.99 9999.99 9999.99 9999.99 9999.99 9999.99 9999.99 9999.99 9999.99 9999.99 9999.99 9999.99 9999.99 9999.99 9999.99 9999.99 0.189000000
 258.083333  258.125000  677.9  304.98 17.4 9999.99 9999.99 9999.99 9999.99 9999.99 9999.99 9999.99 9999.99 9999.99 9999.99 9999.99 9999.99 9999.99 9999.99 9999.99 9999.99 9999.99 9999.99 0.189000000
 258.125000  258.166667  678.4  304.86 15.1 9999.99 9999.99 9999.99 9999.99 9999.99 9999.99 9999.99 9999.99 9999.99 9999.99 9999.99 9999.99 9999.99 9999.99 9999.99 9999.99 9999.99 9999.99 0.189000000
 258.166667  258.208333  678.5  304.63 10.6 9999.99 9999.99 9999.99 9999.99 9999.99 9999.99 9999.99 9999.99 9999.99 9999.99 9999.99 9999.99 9999.99 9999.99 9999.99 9999.99 9999.99 9999.99 0.189000000
 258.208333  258.250000  678.9  304.30  0.2 9999.99 9999.99 9999.99 9999.99 9999.99 9999.99   -0.87    0.94   -0.63   -0.35   -0.23   -0.22   -0.01    1.27   -0.08    0.07   -0.14    0.04 0.000000000
 258.250000  258.291667  679.5  303.98  0.0    0.08    0.10    0.09    0.26    0.05   -0.11   -0.33   -0.30   -0.33   -0.21   -0.12   -0.47    0.73    0.39    0.54    0.64    0.26    0.14 0.000000000
 258.291667  258.333333  679.8  303.69  0.0    0.17    0.58    0.41    0.19    0.26    0.10   -0.32    0.13   -0.09   -0.16    0.07   -0.44    0.77    0.86    1.16    0.48    0.52    0.45 0.000000000
 258.333333  258.375000  679.8  303.43  0.0    0.37    0.92    0.12   -0.08    0.03    0.26   -0.35    0.25   -0.67   -0.49   -0.14   -0.17    1.55    1.42    0.51    0.22    0.28    0.53 0.000000000
 258.375000  258.416667  679.5  303.14  0.0    0.62    0.42   -0.48   -0.05   -0.05   -0.05   -0.09    0.03   -0.96   -0.42   -0.24   -0.20    1.37    0.84    0.02    0.24    0.13    0.13 0.000000000
 258.416667  258.458333  679.1  302.88  0.0    0.35    0.41    0.27   -0.09    0.04    0.05   -0.18   -0.01   -0.04   -0.56   -0.19   -0.19    0.82    0.67    0.85    0.35    0.30    0.46 0.000000000
 258.458333  258.500000  678.7  302.67  0.0    0.97    0.86    0.62    0.24    0.17    0.19    0.05    0.35    0.12   -0.01   -0.09   -0.22    1.63    1.29    0.92    0.60    0.42    0.42 0.000000000
 258.500000  258.541667  678.2  302.41  0.0    0.72    0.55    0.42    0.25    0.10    0.13    0.36    0.32    0.01   -0.09   -0.16   -0.17    1.05    0.82    0.69    0.68    0.32    0.62 0.000000000
 258.541667  258.583333  678.0  302.14  0.0   -0.25    0.65    0.70    0.27    0.01    0.11   -0.94    0.21    0.05    0.00   -0.16   -0.20    0.66    1.36    1.38    0.67    0.29    0.49 0.000000000
 258.583333  258.625000  677.9  301.91  0.0    0.14    0.63    0.92   -0.18    0.13    0.22   -0.48   -0.10    0.18   -0.76   -0.10   -0.03    1.10    1.07    1.59    0.41    0.46    0.40 0.000000000
 258.625000  258.666667  678.2  301.69  0.0    0.28    0.29    0.80   -0.00   -0.17    0.34   -0.37   -0.21    0.01   -0.41   -0.51    0.00    1.07    0.80    1.35    0.50    0.07    0.57 0.000000000
 258.666667  258.708333  678.4  301.63  0.0    0.10    0.13    0.18   -0.32    0.16   -0.19   -0.54   -0.29   -0.29   -0.64   -0.08   -0.50    0.44    0.33    0.66   -0.06    0.30    0.02 0.189000000
 258.708333  258.750000  679.1  302.36  0.0 9999.99 9999.99 9999.99 9999.99 9999.99 9999.99 9999.99 9999.99 9999.99 9999.99 9999.99 9999.99 9999.99 9999.99 9999.99 9999.99 9999.99 9999.99 0.189000000
 258.750000  258.791667  679.5  303.10  0.9 9999.99 9999.99 9999.99 9999.99 9999.99 9999.99 9999.99 9999.99 9999.99 9999.99 9999.99 9999.99 9999.99 9999.99 9999.99 9999.99 9999.99 9999.99 0.189000000
 258.791667  258.833333  679.6  303.09  8.6 9999.99 9999.99 9999.99 9999.99 9999.99 9999.99 9999.99 9999.99 9999.99 9999.99 9999.99 9999.99 9999.99 9999.99 9999.99 9999.99 9999.99 9999.99 0.189000000
 258.833333  258.875000  679.8  302.61 16.9 9999.99 9999.99 9999.99 9999.99 9999.99 9999.99 9999.99 9999.99 9999.99 9999.99 9999.99 9999.99 9999.99 9999.99 9999.99 9999.99 9999.99 9999.99 0.189000000
 258.875000  258.916667  679.5  302.45 18.7 9999.99 9999.99 9999.99 9999.99 9999.99 9999.99 9999.99 9999.99 9999.99 9999.99 9999.99 9999.99 9999.99 9999.99 9999.99 9999.99 9999.99 9999.99 0.189000000
 258.916667  258.958333  679.2  302.88 20.1 9999.99 9999.99 9999.99 9999.99 9999.99 9999.99 9999.99 9999.99 9999.99 9999.99 9999.99 9999.99 9999.99 9999.99 9999.99 9999.99 9999.99 9999.99 0.189000000
 258.958333  259.000000  678.9  303.29 19.7 9999.99 9999.99 9999.99 9999.99 9999.99 9999.99 9999.99 9999.99 9999.99 9999.99 9999.99 9999.99 9999.99 9999.99 9999.99 9999.99 9999.99 9999.99 0.189000000
 259.000000  259.041667  678.4  303.70 19.4 9999.99 9999.99 9999.99 9999.99 9999.99 9999.99 9999.99 9999.99 9999.99 9999.99 9999.99 9999.99 9999.99 9999.99 9999.99 9999.99 9999.99 9999.99 0.189000000
 259.041667  259.083333  678.3  303.83 18.1 9999.99 9999.99 9999.99 9999.99 9999.99 9999.99 9999.99 9999.99 9999.99 9999.99 9999.99 9999.99 9999.99 9999.99 9999.99 9999.99 9999.99 9999.99 0.189000000
 259.083333  259.125000  678.4  303.82 18.8 9999.99 9999.99 9999.99 9999.99 9999.99 9999.99 9999.99 9999.99 9999.99 9999.99 9999.99 9999.99 9999.99 9999.99 9999.99 9999.99 9999.99 9999.99 0.189000000
 259.125000  259.166667  678.6  303.61 18.6 9999.99 9999.99 9999.99 9999.99 9999.99 9999.99 9999.99 9999.99 9999.99 9999.99 9999.99 9999.99 9999.99 9999.99 9999.99 9999.99 9999.99 9999.99 0.189000000
 259.166667  259.208333  678.7  303.41 17.5 9999.99 9999.99 9999.99 9999.99 9999.99 9999.99 9999.99 9999.99 9999.99 9999.99 9999.99 9999.99 9999.99 9999.99 9999.99 9999.99 9999.99 9999.99 0.189000000
 259.208333  259.250000  679.1  303.17  5.8 9999.99 9999.99 9999.99 9999.99 9999.99 9999.99 9999.99 9999.99 9999.99 9999.99 9999.99 9999.99 9999.99 9999.99 9999.99 9999.99 9999.99 9999.99 0.189000000
 259.250000  259.291667  679.5  302.90  0.0    0.26    0.92   -0.14   -0.04    0.16    0.01   -0.15    0.02   -0.51   -0.36   -0.18   -0.39    0.79    1.65    0.08    0.38    0.44    0.30 0.000000000
 259.291667  259.333333  679.7  302.55  0.0    0.11    0.41    0.36    0.29    0.05    0.02   -0.65    0.03    0.01   -0.05   -0.17   -0.20    0.79    0.70    0.77    0.66    0.29    0.20 0.189000000
 259.333333  259.375000  679.6  302.25  0.0 9999.99 9999.99 9999.99 9999.99 9999.99 9999.99   -0.21    0.01   -0.62   -0.79   -0.10    0.02    0.35    0.36    0.03    0.02    0.34    0.79 0.189000000
 259.375000  259.416667  679.1  302.06  0.0    0.49    0.41    0.75   -0.08    0.25    0.30   -0.01   -0.04    0.12   -0.43    0.06    0.11    0.81    0.83    1.49    0.12    0.44    0.54 0.000000000
 259.416667  259.458333  678.8  301.91  0.0 9999.99 9999.99 9999.99 9999.99 9999.99 9999.99   -0.04   -0.08   -0.06   -0.92   -0.25   -0.59    0.57    0.48    0.15   -0.22    0.24    0.36 0.189188000
 259.458333  259.500000  678.4  301.70  0.0 9999.99 9999.99 9999.99 9999.99 9999.99 9999.99    1.00    0.60    0.00   -0.61    0.06   -0.13    2.73    1.40    0.47    0.07    0.46    0.23 0.189000000
 259.500000  259.541667  678.0  301.46  0.0 9999.99 9999.99 9999.99 9999.99 9999.99 9999.99   -0.14    0.05    0.07    0.08   -0.31    0.20    0.49    0.46    0.89    0.85    0.47    0.71 0.189188000
 259.541667  259.583333  677.8  301.26  0.0    0.44    0.46    0.49    0.57    0.34   -0.02   -0.04    0.01    0.01    0.14    0.14   -0.38    1.07    0.79    1.00    1.06    0.60    0.35 0.000000000
 259.583333  259.625000  677.8  301.09  0.0    0.68    0.41    0.10   -0.00    0.06    0.30   -0.01    0.02   -0.13   -0.37   -0.31    0.07    1.43    0.60    0.58    0.20    0.35    0.54 0.000000000
 259.625000  259.666667  678.1  300.84  0.0    0.21    0.39    0.36    0.06   -0.11    0.21   -0.30   -0.02    0.08   -0.53   -0.37   -0.19    0.90    0.79    0.80    0.51    0.09    0.48 0.000000000
 259.666667  259.708333  678.3  300.79  0.0    0.03    0.03    0.35    0.45   -0.13   -0.20   -0.50   -0.17   -0.06    0.16   -0.42   -0.42    0.57    0.30    0.84    0.72    0.07    0.15 0.000000000
 259.708333  259.750000  678.8  301.51  0.0 9999.99 9999.99 9999.99 9999.99 9999.99 9999.99 9999.99 9999.99 9999.99 9999.99 9999.99 9999.99 9999.99 9999.99 9999.99 9999.99 9999.99 9999.99 0.189188000
 259.750000  259.791667  679.3  302.35  2.0 9999.99 9999.99 9999.99 9999.99 9999.99 9999.99 9999.99 9999.99 9999.99 9999.99 9999.99 9999.99 9999.99 9999.99 9999.99 9999.99 9999.99 9999.99 0.189188000
 259.791667  259.833333  679.6  302.83  7.9 9999.99 9999.99 9999.99 9999.99 9999.99 9999.99 9999.99 9999.99 9999.99 9999.99 9999.99 9999.99 9999.99 9999.99 9999.99 9999.99 9999.99 9999.99 0.189000000
 259.833333  259.875000  679.9  303.19 10.8 9999.99 9999.99 9999.99 9999.99 9999.99 9999.99 9999.99 9999.99 9999.99 9999.99 9999.99 9999.99 9999.99 9999.99 9999.99 9999.99 9999.99 9999.99 0.189000000
 259.875000  259.916667  679.8  303.53 11.7 9999.99 9999.99 9999.99 9999.99 9999.99 9999.99 9999.99 9999.99 9999.99 9999.99 9999.99 9999.99 9999.99 9999.99 9999.99 9999.99 9999.99 9999.99 0.189000000
 259.916667  259.958333  679.7  304.03 15.4 9999.99 9999.99 9999.99 9999.99 9999.99 9999.99 9999.99 9999.99 9999.99 9999.99 9999.99 9999.99 9999.99 9999.99 9999.99 9999.99 9999.99 9999.99 0.189000000
 259.958333  260.000000  679.3  304.63 17.2 9999.99 9999.99 9999.99 9999.99 9999.99 9999.99 9999.99 9999.99 9999.99 9999.99 9999.99 9999.99 9999.99 9999.99 9999.99 9999.99 9999.99 9999.99 0.189000000
