data/US1200R.20200101000000.20210214053818.nephelometer.aerosol_light_scattering_coefficient.pm10.1y.1h.US06L_TSI_3563_MLO.US06L_scat_coef.lev2.nas
90 1001
Sheridan, Patrick
US06L, National Oceanic and Atmospheric Administration/Earth System Research Laboratory/Global Monitoring Division, NOAA/ESRL/GMD, , 325 Broadway, , 80305, "Boulder, CO", USA
Sheridan, Patrick
GAW-WDCA NOAA-ESRL
1 1
2020 01 01 2021 02 14
0.041667
days from file reference point
23
1 1 1 1 1 1 1 1 1 1 1 1 1 1 1 1 1 1 1 1 1 1 1
9999.999999 9999.9 9999.99 99.9 9999.99 9999.99 9999.99 9999.99 9999.99 9999.99 9999.99 9999.99 9999.99 9999.99 9999.99 9999.99 9999.99 9999.99 9999.99 9999.99 9999.99 9999.99 9.999999999
end_time of measurement, days from the file reference point
pressure, hPa, Location=instrument internal, Matrix=instrument
temperature, K, Location=instrument internal, Matrix=instrument
relative_humidity, %, Location=instrument internal, Matrix=instrument
aerosol_light_scattering_coefficient, 1/Mm, Wavelength=450 nm
aerosol_light_scattering_coefficient, 1/Mm, Wavelength=550 nm
aerosol_light_scattering_coefficient, 1/Mm, Wavelength=700 nm
aerosol_light_backscattering_coefficient, 1/Mm, Wavelength=450 nm
aerosol_light_backscattering_coefficient, 1/Mm, Wavelength=550 nm
aerosol_light_backscattering_coefficient, 1/Mm, Wavelength=700 nm
aerosol_light_scattering_coefficient, 1/Mm, Wavelength=450 nm, Statistics=percentile:15.87
aerosol_light_scattering_coefficient, 1/Mm, Wavelength=550 nm, Statistics=percentile:15.87
aerosol_light_scattering_coefficient, 1/Mm, Wavelength=700 nm, Statistics=percentile:15.87
aerosol_light_backscattering_coefficient, 1/Mm, Wavelength=450 nm, Statistics=percentile:15.87
aerosol_light_backscattering_coefficient, 1/Mm, Wavelength=550 nm, Statistics=percentile:15.87
aerosol_light_backscattering_coefficient, 1/Mm, Wavelength=700 nm, Statistics=percentile:15.87
aerosol_light_scattering_coefficient, 1/Mm, Wavelength=450 nm, Statistics=percentile:84.13
aerosol_light_scattering_coefficient, 1/Mm, Wavelength=550 nm, Statistics=percentile:84.13
aerosol_light_scattering_coefficient, 1/Mm, Wavelength=700 nm, Statistics=percentile:84.13
aerosol_light_backscattering_coefficient, 1/Mm, Wavelength=450 nm, Statistics=percentile:84.13
aerosol_light_backscattering_coefficient, 1/Mm, Wavelength=550 nm, Statistics=percentile:84.13
aerosol_light_backscattering_coefficient, 1/Mm, Wavelength=700 nm, Statistics=percentile:84.13
numflag
0
53
Data definition:              EBAS_1.1
Set type code:                TU
Timezone:                     UTC
File name:                    US1200R.20200101000000.20210214053818.nephelometer.aerosol_light_scattering_coefficient.pm10.1y.1h.US06L_TSI_3563_MLO.US06L_scat_coef.lev2.nas
File creation:                20210214053818
Startdate:                    20200101000000
Revision date:                20210214053818
Version:                      1
Version description:          Version numbering not tracked, generated by CPD3 EBAS Export v26-26-g3d69ddf-m run as cpd3_detached_task (31729) run by aerosol on aeroproc.cmdl.noaa.gov via cpd3_detached_task
Data level:                   2
Period code:                  1y
Resolution code:              1h
Sample duration:              1h
Orig. time res.:              1mn
Station code:                 US1200R
Station WDCA-ID:              GAWAUSHIMLO
Station GAW-ID:               MLO
Station GAW-Name:             Mauna Loa, Hawaii
Station state/province:       Hawaii
[...]
Laboratory code:              US06L
Instrument type:              nephelometer
Instrument name:              TSI_3563_MLO
Instrument manufacturer:      TSI
Instrument model:             3563
Instrument serial number:     1034
Method ref:                   US06L_scat_coef
Standard method:              cal-gas=CO2+AIR_truncation-correction=Anderson1998
Inlet type:                   Impactor--direct
Inlet description:            Switched impactor at 10 um
Humidity/temperature control: Heating to 40% RH, limit 40 deg. C
Volume std. temperature:      273.15K
Volume std. pressure:         1013.25hPa
Zero/negative values code:    Zero/negative possible
Zero/negative values:         Zero and neg. values may appear due to statistical variations at very low concentrations
Originator:                   Sheridan, Patrick, Patrick.Sheridan@noaa.gov, National Oceanic and Atmospheric Administration/Earth System Research Laboratory/Global Monitoring Division, NOAA/ESRL/GMD, , 325 Broadway, , 80305, "Boulder, CO", USA
Submitter:                    Sheridan, Patrick, Patrick.Sheridan@noaa.gov, National Oceanic and Atmospheric Administration/Earth System Research Laboratory/Global Monitoring Division, NOAA/ESRL/GMD, , 325 Broadway, , 80305, "Boulder, CO", USA
Acknowledgement:              Request acknowledgement details from data originator
Comment:                      Standard Anderson & Ogren 1998 values used for truncation correction
start_time end_time p_int T_int RH_int sc450 sc550 sc700 bsc450 bsc550 bsc700 sc450pc16 sc550pc16 sc700pc16 bsc450pc16 bsc550pc16 bsc700pc16 sc450pc84 sc550pc84 sc700pc84 bsc450pc84 bsc550pc84 bsc700pc84 numflag
[from data line 1681]
  70.041667   70.083333  675.6  303.25 15.3 9999.99 9999.99 9999.99 9999.99 9999.99 9999.99 9999.99 9999.99 9999.99 9999.99 9999.99 9999.99 9999.99 9999.99 9999.99 9999.99 9999.99 9999.99 0.189000000
  70.083333   70.125000  675.4  303.18 13.4 9999.99 9999.99 9999.99 9999.99 9999.99 9999.99 9999.99 9999.99 9999.99 9999.99 9999.99 9999.99 9999.99 9999.99 9999.99 9999.99 9999.99 9999.99 0.189000000
  70.125000   70.166667  675.6  303.12 12.7 9999.99 9999.99 9999.99 9999.99 9999.99 9999.99 9999.99 9999.99 9999.99 9999.99 9999.99 9999.99 9999.99 9999.99 9999.99 9999.99 9999.99 9999.99 0.189000000
  70.166667   70.208333  675.7  302.92  1.1 9999.99 9999.99 9999.99 9999.99 9999.99 9999.99    6.72    4.60    2.36    0.56    0.45   -0.10    7.37    4.98    2.61    1.26    0.58   -0.05 0.189000000
  70.208333   70.250000  675.9  302.52  0.0    6.31    4.68    3.06    0.81    0.35    0.51    5.87    4.38    2.69    0.55    0.25    0.22    6.60    4.95    3.35    1.04    0.54    0.80 0.000000000
  70.250000   70.291667  676.2  302.09  0.0    5.96    4.32    2.87    0.66    0.49    0.49    5.66    4.02    2.50    0.33    0.31    0.10    6.30    4.59    3.25    0.96    0.85    0.74 0.000000000
  70.291667   70.333333  676.5  301.69  0.0    6.04    4.32    3.08    0.85    0.46    0.49    5.46    3.98    2.54    0.62    0.28    0.30    6.97    4.72    3.55    1.16    0.65    0.70 0.000000000
  70.333333   70.375000  676.5  301.31  0.0    6.33    4.58    3.31    0.89    0.70    0.46    5.87    4.17    2.94    0.76    0.47    0.31    6.76    4.82    3.60    1.18    0.92    0.63 0.000000000
  70.375000   70.416667  676.2  300.99  0.0    6.02    4.29    3.07    0.86    0.53    0.44    5.54    3.78    2.74    0.52    0.37    0.21    6.51    4.70    3.49    1.03    0.73    0.66 0.000000000
  70.416667   70.458333  675.8  300.70  0.0    5.61    4.11    2.63    0.64    0.59    0.41    5.11    3.74    2.20    0.20    0.37    0.20    6.15    4.27    2.94    0.82    0.79    0.67 0.000000000
  70.458333   70.500000  675.1  300.45  0.0    5.20    3.95    2.54    0.52    0.60    0.48    4.95    3.56    2.26    0.16    0.35    0.20    5.47    4.37    2.71    0.77    0.80    0.78 0.000000000
  70.500000   70.541667  674.7  300.22  0.0    5.05    3.71    2.47    0.79    0.49    0.74    4.68    3.40    1.97    0.59    0.32    0.39    5.63    3.95    2.82    1.02    0.74    1.01 0.000000000
  70.541667   70.583333  674.5  300.02  0.0    5.00    3.81    2.56    0.52    0.44    0.49    4.44    3.44    2.22    0.19    0.32    0.19    5.56    4.22    2.76    0.86    0.57    0.68 0.000000000
  70.583333   70.625000  674.5  299.81  0.0    5.97    4.46    3.04    0.57    0.46    0.50    5.47    4.14    2.51    0.24    0.19    0.25    6.44    4.75    3.51    0.91    0.70    0.77 0.000000000
  70.625000   70.666667  674.8  299.63  0.0    5.79    4.22    3.21    0.68    0.53    0.60    5.21    3.94    3.03    0.34    0.29    0.39    6.17    4.50    3.52    1.00    0.70    0.97 0.000000000
  70.666667   70.708333  675.0  299.47  0.0    4.78    3.67    2.66    0.49    0.53    0.59    4.35    3.27    2.48    0.16    0.34    0.38    5.07    3.93    2.98    0.88    0.71    0.72 0.000000000
  70.708333   70.750000  675.4  299.77  0.0    5.04    3.76    2.95    0.36    0.48    0.43    4.43    3.35    2.51    0.18    0.26    0.21    5.68    4.29    3.35    0.71    0.61    0.65 0.000000000
  70.750000   70.791667  676.1  300.33  0.0    6.46    4.88    3.45    0.95    0.48    0.55    5.91    4.62    2.94    0.63    0.19    0.29    6.96    5.20    3.74    1.26    0.78    0.67 0.000000000
  70.791667   70.833333  676.3  300.76  0.0    5.26    3.89    2.27    0.41    0.43    0.49    4.93    3.41    1.94    0.03    0.22    0.14    5.82    4.37    2.77    0.71    0.62    0.81 0.000000000
  70.833333   70.875000  676.5  301.20  0.6    5.13    3.75    3.08    0.53    0.65    0.28    4.75    3.19    2.77    0.20    0.49    0.13    5.50    4.18    3.35    0.80    0.97    0.42 0.189000000
  70.875000   70.916667  676.5  301.58 11.7 9999.99 9999.99 9999.99 9999.99 9999.99 9999.99 9999.99 9999.99 9999.99 9999.99 9999.99 9999.99 9999.99 9999.99 9999.99 9999.99 9999.99 9999.99 0.189000000
  70.916667   70.958333  675.9  301.72 14.9 9999.99 9999.99 9999.99 9999.99 9999.99 9999.99 9999.99 9999.99 9999.99 9999.99 9999.99 9999.99 9999.99 9999.99 9999.99 9999.99 9999.99 9999.99 0.189000000
  70.958333   71.000000  675.4  301.84 14.7 9999.99 9999.99 9999.99 9999.99 9999.99 9999.99 9999.99 9999.99 9999.99 9999.99 9999.99 9999.99 9999.99 9999.99 9999.99 9999.99 9999.99 9999.99 0.189000000
  71.000000   71.041667  675.2  302.10 10.9 9999.99 9999.99 9999.99 9999.99 9999.99 9999.99 9999.99 9999.99 9999.99 9999.99 9999.99 9999.99 9999.99 9999.99 9999.99 9999.99 9999.99 9999.99 0.189000000
  71.041667   71.083333  674.8  302.55 11.1 9999.99 9999.99 9999.99 9999.99 9999.99 9999.99 9999.99 9999.99 9999.99 9999.99 9999.99 9999.99 9999.99 9999.99 9999.99 9999.99 9999.99 9999.99 0.189000000
  71.083333   71.125000  675.0  302.72 13.7 9999.99 9999.99 9999.99 9999.99 9999.99 9999.99 9999.99 9999.99 9999.99 9999.99 9999.99 9999.99 9999.99 9999.99 9999.99 9999.99 9999.99 9999.99 0.189000000
  71.125000   71.166667  675.1  302.78 12.3 9999.99 9999.99 9999.99 9999.99 9999.99 9999.99 9999.99 9999.99 9999.99 9999.99 9999.99 9999.99 9999.99 9999.99 9999.99 9999.99 9999.99 9999.99 0.189000000
  71.166667   71.208333  675.0  302.63  3.5 9999.99 9999.99 9999.99 9999.99 9999.99 9999.99 9999.99 9999.99 9999.99 9999.99 9999.99 9999.99 9999.99 9999.99 9999.99 9999.99 9999.99 9999.99 0.189000000
  71.208333   71.250000  675.2  302.30  0.0    1.79    1.26    0.83    0.21   -0.10   -0.03    1.23    0.89    0.44    0.04   -0.16   -0.45    2.23    1.64    1.00    0.51   -0.02    0.12 0.189000000
  71.250000   71.291667  675.6  301.92  4.5 9999.99 9999.99 9999.99 9999.99 9999.99 9999.99 9999.99 9999.99 9999.99 9999.99 9999.99 9999.99 9999.99 9999.99 9999.99 9999.99 9999.99 9999.99 0.189000000
  71.291667   71.333333  675.6  301.50  2.3 9999.99 9999.99 9999.99 9999.99 9999.99 9999.99 9999.99 9999.99 9999.99 9999.99 9999.99 9999.99 9999.99 9999.99 9999.99 9999.99 9999.99 9999.99 0.189000000
  71.333333   71.375000  675.6  301.21 10.2 9999.99 9999.99 9999.99 9999.99 9999.99 9999.99 9999.99 9999.99 9999.99 9999.99 9999.99 9999.99 9999.99 9999.99 9999.99 9999.99 9999.99 9999.99 0.189000000
  71.375000   71.416667  675.3  300.93  1.6 9999.99 9999.99 9999.99 9999.99 9999.99 9999.99    1.97    0.87    1.18    0.33    0.05    0.31    2.40    1.67    1.61    0.42    0.09    0.37 0.189000000
  71.416667   71.458333  674.8  300.70  0.8    2.27    1.54    0.97    0.31    0.23    0.32    1.96    1.31    0.57    0.02    0.01    0.15    2.63    1.82    1.71    0.69    0.37    0.51 0.000000000
  71.458333   71.500000  674.3  300.46  1.4    2.61    1.86    1.20    0.48    0.16    0.12    2.15    1.54    0.88    0.19   -0.03   -0.17    2.87    2.16    1.58    0.79    0.35    0.37 0.000000000
  71.500000   71.541667  673.7  300.19  1.3    2.03    1.59    1.41    0.64    0.18   -0.01    1.63    1.25    0.97    0.39   -0.04   -0.22    2.43    1.82    1.89    0.99    0.34    0.19 0.000000000
  71.541667   71.583333  673.4  300.01  1.2    2.08    1.63    1.23    0.14    0.10    0.04    1.41    1.21    0.80   -0.14   -0.12   -0.14    2.49    1.97    1.73    0.42    0.29    0.28 0.000000000
  71.583333   71.625000  673.3  299.83  0.6    1.63    1.10    0.82    0.31    0.10    0.16    1.28    0.80    0.43    0.06   -0.13   -0.04    2.10    1.39    1.29    0.50    0.31    0.33 0.000000000
  71.625000   71.666667  673.6  299.78  0.3    2.42    1.88    0.97    0.32    0.21    0.00    1.88    1.51    0.58    0.16    0.04   -0.23    2.85    2.15    1.38    0.48    0.43    0.27 0.000000000
  71.666667   71.708333  673.9  299.72  0.0    2.89    2.24    1.86    0.47    0.26    0.34    2.51    1.98    1.52    0.07    0.11    0.11    3.33    2.66    2.33    0.91    0.42    0.56 0.000000000
  71.708333   71.750000  674.2  299.81  0.0    3.20    2.14    0.91    0.40    0.41    0.25    2.75    1.90    0.60    0.04    0.24    0.13    3.59    2.50    1.20    0.75    0.63    0.42 0.000000000
  71.750000   71.791667  674.9  300.27  0.0    2.49    1.78    1.01    0.17    0.30    0.13    2.14    1.44    0.66   -0.14    0.16   -0.05    2.79    2.20    1.42    0.43    0.47    0.36 0.000000000
  71.791667   71.833333  675.4  300.76  0.3    1.79    1.54    1.37    0.28    0.27    0.33    1.50    1.32    0.95    0.03    0.10    0.07    2.34    1.81    1.95    0.56    0.40    0.48 0.189000000
  71.833333   71.875000  675.8  301.50  3.9 9999.99 9999.99 9999.99 9999.99 9999.99 9999.99 9999.99 9999.99 9999.99 9999.99 9999.99 9999.99 9999.99 9999.99 9999.99 9999.99 9999.99 9999.99 0.189000000
  71.875000   71.916667  675.6  302.12  3.0 9999.99 9999.99 9999.99 9999.99 9999.99 9999.99 9999.99 9999.99 9999.99 9999.99 9999.99 9999.99 9999.99 9999.99 9999.99 9999.99 9999.99 9999.99 0.189000000
  71.916667   71.958333  675.2  302.74 15.0 9999.99 9999.99 9999.99 9999.99 9999.99 9999.99 9999.99 9999.99 9999.99 9999.99 9999.99 9999.99 9999.99 9999.99 9999.99 9999.99 9999.99 9999.99 0.189000000
  71.958333   72.000000  674.7  303.28 16.6 9999.99 9999.99 9999.99 9999.99 9999.99 9999.99 9999.99 9999.99 9999.99 9999.99 9999.99 9999.99 9999.99 9999.99 9999.99 9999.99 9999.99 9999.99 0.189000000
  72.000000   72.041667  674.4  303.54 16.2 9999.99 9999.99 9999.99 9999.99 9999.99 9999.99 9999.99 9999.99 9999.99 9999.99 9999.99 9999.99 9999.99 9999.99 9999.99 9999.99 9999.99 9999.99 0.189000000
  72.041667   72.083333  674.2  303.56 13.4 9999.99 9999.99 9999.99 9999.99 9999.99 9999.99 9999.99 9999.99 9999.99 9999.99 9999.99 9999.99 9999.99 9999.99 9999.99 9999.99 9999.99 9999.99 0.189000000
  72.083333   72.125000  674.1  303.50  5.3 9999.99 9999.99 9999.99 9999.99 9999.99 9999.99 9999.99 9999.99 9999.99 9999.99 9999.99 9999.99 9999.99 9999.99 9999.99 9999.99 9999.99 9999.99 0.189000000
  72.125000   72.166667  674.0  303.09  0.7    2.26    1.43    1.03    0.04    0.31    0.32    1.70    0.80    0.72   -0.18    0.10    0.04    2.72    1.87    1.35    0.26    0.55    0.60 0.000000000
  72.166667   72.208333  674.3  302.48  0.0    2.06    1.74    1.50    0.63    0.34    0.15    1.70    1.34    1.17    0.38    0.13   -0.11    2.51    1.99    1.85    1.07    0.53    0.32 0.000000000
  72.208333   72.250000  674.6  302.04  0.0    2.50    1.74    1.31    0.58    0.37    0.14    2.22    1.46    0.99    0.23    0.21   -0.12    2.83    1.94    1.48    0.88    0.55    0.36 0.000000000
  72.250000   72.291667  675.2  301.74  0.0    3.06    2.07    1.53    0.29    0.37    0.22    2.72    1.74    1.26   -0.05    0.14    0.05    3.47    2.45    1.84    0.50    0.56    0.48 0.000000000
  72.291667   72.333333  675.4  301.30  0.2    2.72    2.06    1.14    0.40    0.29    0.04    2.34    1.69    0.79    0.12    0.07   -0.12    3.03    2.40    1.53    0.74    0.50    0.25 0.000000000
  72.333333   72.375000  675.4  300.97  0.1    3.24    2.43    1.35    0.28    0.22    0.34    2.80    2.02    1.04    0.02    0.07    0.13    3.54    2.76    1.60    0.57    0.39    0.59 0.000000000
  72.375000   72.416667  675.3  300.70  1.5    2.88    1.98    1.37    0.27    0.33    0.32    2.49    1.65    1.07    0.03    0.14   -0.02    3.28    2.30    1.80    0.46    0.56    0.72 0.000000000
  72.416667   72.458333  675.1  300.50  1.0    2.80    2.00    1.89    0.46    0.25    0.37    2.32    1.67    1.45    0.12    0.12    0.18    3.16    2.26    2.30    0.74    0.47    0.52 0.000000000
  72.458333   72.500000  674.5  300.31  1.6    2.65    2.14    1.44    0.31    0.26    0.12    2.17    1.81    0.86    0.08    0.09   -0.08    3.36    2.51    1.97    0.52    0.44    0.44 0.000000000
  72.500000   72.541667  674.1  300.11  1.9    2.51    1.77    1.15    0.57    0.39    0.37    2.05    1.36    0.77    0.21    0.22    0.21    2.85    2.04    1.43    0.82    0.57    0.47 0.000000000
  72.541667   72.583333  673.9  299.93  1.4    1.97    1.52    1.19    0.15    0.22    0.30    1.44    1.08    0.84   -0.02   -0.01    0.09    2.50    1.86    1.53    0.46    0.47    0.53 0.000000000
  72.583333   72.625000  673.8  299.78  1.8    1.73    1.07    0.82    0.28    0.36    0.16    1.41    0.74    0.57    0.15    0.05   -0.01    1.90    1.42    1.07    0.46    0.56    0.41 0.000000000
  72.625000   72.666667  674.1  299.71  2.1    2.14    1.35    0.80    0.28    0.08    0.12    1.79    1.14    0.60    0.05   -0.14   -0.09    2.54    1.53    1.08    0.49    0.26    0.25 0.000000000
  72.666667   72.708333  674.7  299.60  3.5    1.76    1.16    0.86    0.12    0.36    0.27    1.42    0.96    0.57   -0.15    0.22    0.02    2.10    1.51    1.27    0.37    0.57    0.55 0.000000000
  72.708333   72.750000  675.3  299.69 12.3    1.81    1.35    1.20    0.20    0.19    0.05    1.41    1.15    0.76   -0.01    0.02   -0.29    2.12    1.57    1.58    0.49    0.42    0.48 0.000000000
  72.750000   72.791667  675.8  299.93 15.0    1.93    1.33    1.32    0.17    0.13    0.10    1.47    1.06    0.98   -0.04   -0.06   -0.07    2.25    1.58    1.70    0.33    0.39    0.39 0.000000000
  72.791667   72.833333  676.2  300.03 17.9    1.09    0.87    1.08    0.39    0.12    0.21    0.53    0.48    0.64    0.01   -0.14   -0.11    1.52    1.19    1.55    0.71    0.31    0.42 0.000000000
  72.833333   72.875000  676.5  300.74 19.5    0.65    0.44    0.65    0.17   -0.15    0.10    0.13    0.09    0.25   -0.06   -0.36   -0.13    1.02    0.91    0.98    0.37    0.12    0.27 0.000000000
  72.875000   72.916667  676.4  301.60 19.4    0.35    0.42    0.24    0.10    0.33    0.01   -0.32   -0.06   -0.06   -0.19    0.14   -0.18    0.97    1.16    0.78    0.34    0.55    0.18 0.000000000
  72.916667   72.958333  675.8  302.03 15.8    1.32    1.05    0.71    0.04    0.07   -0.03    0.88    0.61    0.33   -0.31   -0.11   -0.21    1.90    1.58    1.08    0.44    0.32    0.20 0.000000000
  72.958333   73.000000  675.2  302.12 14.1    1.16    0.79    0.79   -0.05    0.12   -0.09    0.30    0.23    0.30   -0.27   -0.07   -0.26    1.91    1.22    1.29    0.15    0.25    0.03 0.000000000
  73.000000   73.041667  675.4  302.49 16.4    0.47    0.35    0.37    0.14   -0.18   -0.02    0.09   -0.02   -0.05    0.01   -0.35   -0.18    0.87    0.72    0.76    0.34   -0.02    0.24 0.000000000
  73.041667   73.083333  675.2  302.91 14.1    1.06    0.70    0.36    0.20    0.06    0.01    0.66    0.47    0.03   -0.12   -0.15   -0.27    1.38    1.00    0.80    0.60    0.25    0.21 0.000000000
  73.083333   73.125000  675.3  303.13  7.6    1.44    1.33    0.99    0.37    0.02    0.06    0.80    0.97    0.54    0.16   -0.12   -0.19    1.83    1.80    1.31    0.67    0.14    0.20 0.000000000
  73.125000   73.166667  675.8  302.96  4.6    1.83    1.20    0.82    0.28    0.19    0.14    1.59    0.90    0.32   -0.00   -0.02   -0.11    2.07    1.62    1.28    0.54    0.44    0.34 0.000000000
  73.166667   73.208333  676.2  302.45  1.1    2.53    1.65    1.13    0.05    0.27    0.19    2.13    1.36    0.78   -0.22    0.06   -0.15    2.97    1.94    1.47    0.28    0.47    0.41 0.000000000
  73.208333   73.250000  676.5  301.97  1.0    2.38    1.78    0.90    0.32    0.18    0.24    1.90    1.48    0.54    0.05   -0.03    0.05    2.83    2.08    1.21    0.64    0.42    0.46 0.000000000
  73.250000   73.291667  676.9  301.64  7.4    1.46    1.13    0.83    0.20    0.40    0.08    0.83    0.80    0.35   -0.02    0.25   -0.15    2.05    1.53    1.38    0.44    0.57    0.24 0.000000000
  73.291667   73.333333  677.4  301.46 12.3    1.39    1.05    0.72    0.33    0.25   -0.00    0.88    0.73    0.40   -0.03    0.07   -0.23    1.81    1.29    0.94    0.73    0.44    0.20 0.000000000
