data/US1200R.20200101000000.20210214053818.nephelometer.aerosol_light_scattering_coefficient.pm10.1y.1h.US06L_TSI_3563_MLO.US06L_scat_coef.lev2.nas
90 1001
Sheridan, Patrick
US06L, National Oceanic and Atmospheric Administration/Earth System Research Laboratory/Global Monitoring Division, NOAA/ESRL/GMD, , 325 Broadway, , 80305, "Boulder, CO", USA
Sheridan, Patrick
GAW-WDCA NOAA-ESRL
1 1
2020 01 01 2021 02 14
0.041667
days from file reference point
23
1 1 1 1 1 1 1 1 1 1 1 1 1 1 1 1 1 1 1 1 1 1 1
9999.999999 9999.9 9999.99 99.9 9999.99 9999.99 9999.99 9999.99 9999.99 9999.99 9999.99 9999.99 9999.99 9999.99 9999.99 9999.99 9999.99 9999.99 9999.99 9999.99 9999.99 9999.99 9.999999999
end_time of measurement, days from the file reference point
pressure, hPa, Location=instrument internal, Matrix=instrument
temperature, K, Location=instrument internal, Matrix=instrument
relative_humidity, %, Location=instrument internal, Matrix=instrument
aerosol_light_scattering_coefficient, 1/Mm, Wavelength=450 nm
aerosol_light_scattering_coefficient, 1/Mm, Wavelength=550 nm
aerosol_light_scattering_coefficient, 1/Mm, Wavelength=700 nm
aerosol_light_backscattering_coefficient, 1/Mm, Wavelength=450 nm
aerosol_light_backscattering_coefficient, 1/Mm, Wavelength=550 nm
aerosol_light_backscattering_coefficient, 1/Mm, Wavelength=700 nm
aerosol_light_scattering_coefficient, 1/Mm, Wavelength=450 nm, Statistics=percentile:15.87
aerosol_light_scattering_coefficient, 1/Mm, Wavelength=550 nm, Statistics=percentile:15.87
aerosol_light_scattering_coefficient, 1/Mm, Wavelength=700 nm, Statistics=percentile:15.87
aerosol_light_backscattering_coefficient, 1/Mm, Wavelength=450 nm, Statistics=percentile:15.87
aerosol_light_backscattering_coefficient, 1/Mm, Wavelength=550 nm, Statistics=percentile:15.87
aerosol_light_backscattering_coefficient, 1/Mm, Wavelength=700 nm, Statistics=percentile:15.87
aerosol_light_scattering_coefficient, 1/Mm, Wavelength=450 nm, Statistics=percentile:84.13
aerosol_light_scattering_coefficient, 1/Mm, Wavelength=550 nm, Statistics=percentile:84.13
aerosol_light_scattering_coefficient, 1/Mm, Wavelength=700 nm, Statistics=percentile:84.13
aerosol_light_backscattering_coefficient, 1/Mm, Wavelength=450 nm, Statistics=percentile:84.13
aerosol_light_backscattering_coefficient, 1/Mm, Wavelength=550 nm, Statistics=percentile:84.13
aerosol_light_backscattering_coefficient, 1/Mm, Wavelength=700 nm, Statistics=percentile:84.13
numflag
0
53
Data definition:              EBAS_1.1
Set type code:                TU
Timezone:                     UTC
File name:                    US1200R.20200101000000.20210214053818.nephelometer.aerosol_light_scattering_coefficient.pm10.1y.1h.US06L_TSI_3563_MLO.US06L_scat_coef.lev2.nas
File creation:                20210214053818
Startdate:                    20200101000000
Revision date:                20210214053818
Version:                      1
Version description:          Version numbering not tracked, generated by CPD3 EBAS Export v26-26-g3d69ddf-m run as cpd3_detached_task (31729) run by aerosol on aeroproc.cmdl.noaa.gov via cpd3_detached_task
Data level:                   2
Period code:                  1y
Resolution code:              1h
Sample duration:              1h
Orig. time res.:              1mn
Station code:                 US1200R
Station WDCA-ID:              GAWAUSHIMLO
Station GAW-ID:               MLO
Station GAW-Name:             Mauna Loa, Hawaii
Station state/province:       Hawaii
[...]
Laboratory code:              US06L
Instrument type:              nephelometer
Instrument name:              TSI_3563_MLO
Instrument manufacturer:      TSI
Instrument model:             3563
Instrument serial number:     1034
Method ref:                   US06L_scat_coef
Standard method:              cal-gas=CO2+AIR_truncation-correction=Anderson1998
Inlet type:                   Impactor--direct
Inlet description:            Switched impactor at 10 um
Humidity/temperature control: Heating to 40% RH, limit 40 deg. C
Volume std. temperature:      273.15K
Volume std. pressure:         1013.25hPa
Zero/negative values code:    Zero/negative possible
Zero/negative values:         Zero and neg. values may appear due to statistical variations at very low concentrations
Originator:                   Sheridan, Patrick, Patrick.Sheridan@noaa.gov, National Oceanic and Atmospheric Administration/Earth System Research Laboratory/Global Monitoring Division, NOAA/ESRL/GMD, , 325 Broadway, , 80305, "Boulder, CO", USA
Submitter:                    Sheridan, Patrick, Patrick.Sheridan@noaa.gov, National Oceanic and Atmospheric Administration/Earth System Research Laboratory/Global Monitoring Division, NOAA/ESRL/GMD, , 325 Broadway, , 80305, "Boulder, CO", USA
Acknowledgement:              Request acknowledgement details from data originator
Comment:                      Standard Anderson & Ogren 1998 values used for truncation correction
start_time end_time p_int T_int RH_int sc450 sc550 sc700 bsc450 bsc550 bsc700 sc450pc16 sc550pc16 sc700pc16 bsc450pc16 bsc550pc16 bsc700pc16 sc450pc84 sc550pc84 sc700pc84 bsc450pc84 bsc550pc84 bsc700pc84 numflag
[from data line 1761]
  73.375000   73.416667  677.5  301.28 15.8    1.15    0.75    0.54    0.08   -0.23    0.26    0.78    0.47    0.26   -0.09   -0.34    0.09    1.49    1.04    0.74    0.29   -0.10    0.44 0.189000000
  73.416667   73.458333  677.5  301.22 18.4 9999.99 9999.99 9999.99 9999.99 9999.99 9999.99 9999.99 9999.99 9999.99 9999.99 9999.99 9999.99 9999.99 9999.99 9999.99 9999.99 9999.99 9999.99 0.189000000
  73.458333   73.500000  676.8  301.12 13.3 9999.99 9999.99 9999.99 9999.99 9999.99 9999.99    1.23    0.95    1.01   -0.01    0.24    0.01    1.28    0.98    1.37    0.07    0.39    0.17 0.189000000
  73.500000   73.541667  676.3  300.85  6.0    1.48    1.21    0.77    0.18    0.08    0.10    1.04    0.88    0.47   -0.19   -0.11   -0.04    1.73    1.60    0.97    0.52    0.30    0.37 0.000000000
  73.541667   73.583333  676.1  300.63  9.6    1.50    0.97    0.59    0.23    0.19   -0.20    1.03    0.64    0.31   -0.29   -0.01   -0.43    2.29    1.35    0.86    0.59    0.43    0.11 0.000000000
  73.583333   73.625000  676.2  300.41 10.8    1.37    0.86    0.57    0.33    0.26    0.35    0.97    0.61    0.18    0.05    0.11    0.10    1.74    1.18    0.88    0.60    0.45    0.54 0.000000000
  73.625000   73.666667  676.4  300.24 14.8    1.78    1.09    0.74    0.19    0.17    0.16    1.33    0.85    0.39   -0.18    0.04    0.05    2.02    1.39    1.06    0.44    0.34    0.30 0.000000000
  73.666667   73.708333  677.0  300.20 14.7    1.28    1.17    1.52    0.08    0.03    0.11    0.76    0.83    0.94   -0.30   -0.21   -0.20    1.82    1.51    2.12    0.51    0.20    0.30 0.000000000
  73.708333   73.750000  677.5  300.27 14.8    1.56    1.21    0.77    0.21    0.04    0.16    1.01    1.08    0.48   -0.14   -0.08   -0.16    2.08    1.48    1.14    0.50    0.16    0.47 0.000000000
  73.750000   73.791667  678.1  300.54 15.0    1.48    1.01    0.99    0.24    0.16    0.05    1.31    0.71    0.79    0.07   -0.08   -0.13    1.80    1.32    1.13    0.51    0.53    0.33 0.189000000
  73.791667   73.833333  678.7  300.97 16.7 9999.99 9999.99 9999.99 9999.99 9999.99 9999.99 9999.99 9999.99 9999.99 9999.99 9999.99 9999.99 9999.99 9999.99 9999.99 9999.99 9999.99 9999.99 0.189000000
  73.833333   73.875000  678.8  301.10 16.2 9999.99 9999.99 9999.99 9999.99 9999.99 9999.99 9999.99 9999.99 9999.99 9999.99 9999.99 9999.99 9999.99 9999.99 9999.99 9999.99 9999.99 9999.99 0.189000000
  73.875000   73.916667  678.7  301.15 15.1    1.63    1.12    1.15    0.16    0.28    0.21    1.31    0.88    0.90   -0.18    0.06    0.05    1.89    1.39    1.73    0.50    0.58    0.43 0.189000000
  73.916667   73.958333  678.1  301.01 17.1 9999.99 9999.99 9999.99 9999.99 9999.99 9999.99 9999.99 9999.99 9999.99 9999.99 9999.99 9999.99 9999.99 9999.99 9999.99 9999.99 9999.99 9999.99 0.189000000
  73.958333   74.000000  677.6  301.21 15.6 9999.99 9999.99 9999.99 9999.99 9999.99 9999.99 9999.99 9999.99 9999.99 9999.99 9999.99 9999.99 9999.99 9999.99 9999.99 9999.99 9999.99 9999.99 0.189000000
  74.000000   74.041667  677.4  301.30 17.4 9999.99 9999.99 9999.99 9999.99 9999.99 9999.99 9999.99 9999.99 9999.99 9999.99 9999.99 9999.99 9999.99 9999.99 9999.99 9999.99 9999.99 9999.99 0.189000000
  74.041667   74.083333  677.3  301.22 16.6 9999.99 9999.99 9999.99 9999.99 9999.99 9999.99 9999.99 9999.99 9999.99 9999.99 9999.99 9999.99 9999.99 9999.99 9999.99 9999.99 9999.99 9999.99 0.189188000
  74.083333   74.125000  677.4  301.19 16.4 9999.99 9999.99 9999.99 9999.99 9999.99 9999.99 9999.99 9999.99 9999.99 9999.99 9999.99 9999.99 9999.99 9999.99 9999.99 9999.99 9999.99 9999.99 0.189188000
  74.125000   74.166667  677.5  301.09 12.6 9999.99 9999.99 9999.99 9999.99 9999.99 9999.99 9999.99 9999.99 9999.99 9999.99 9999.99 9999.99 9999.99 9999.99 9999.99 9999.99 9999.99 9999.99 0.189188000
  74.166667   74.208333  677.9  300.90 17.3 9999.99 9999.99 9999.99 9999.99 9999.99 9999.99 9999.99 9999.99 9999.99 9999.99 9999.99 9999.99 9999.99 9999.99 9999.99 9999.99 9999.99 9999.99 0.189188000
  74.208333   74.250000  678.4  300.78 16.6 9999.99 9999.99 9999.99 9999.99 9999.99 9999.99 9999.99 9999.99 9999.99 9999.99 9999.99 9999.99 9999.99 9999.99 9999.99 9999.99 9999.99 9999.99 0.189000000
  74.250000   74.291667  678.6  300.61  9.2 9999.99 9999.99 9999.99 9999.99 9999.99 9999.99 9999.99 9999.99 9999.99 9999.99 9999.99 9999.99 9999.99 9999.99 9999.99 9999.99 9999.99 9999.99 0.189000000
  74.291667   74.333333  678.7  300.46  6.2    1.73    1.21    0.83    0.19    0.07    0.18    1.55    1.06    0.52    0.14   -0.09    0.03    1.88    1.46    1.26    0.37    0.22    0.32 0.189000000
  74.333333   74.375000  678.9  300.43  6.2    1.93    1.43    0.81    0.43    0.25    0.04    1.64    0.95    0.36   -0.00    0.07   -0.16    2.23    1.71    1.12    0.73    0.41    0.21 0.000000000
  74.375000   74.416667  678.9  300.33  5.6    0.98    0.83    1.05    0.17    0.12    0.02    0.50    0.42    0.47   -0.13   -0.02   -0.17    1.56    1.15    1.68    0.36    0.27    0.23 0.000000000
  74.416667   74.458333  678.6  300.22  5.3    2.07    1.61    0.65    0.46    0.14    0.21    1.57    1.13    0.35    0.08   -0.05   -0.11    2.59    1.97    0.89    0.80    0.28    0.49 0.000000000
  74.458333   74.500000  677.8  300.18  7.4 9999.99 9999.99 9999.99 9999.99 9999.99 9999.99    1.90    1.23    1.40    0.14    0.54   -0.01    1.90    1.23    1.40    0.14    0.54   -0.01 0.189000000
  74.500000   74.541667  677.2  300.13  6.1 9999.99 9999.99 9999.99 9999.99 9999.99 9999.99 9999.99 9999.99 9999.99 9999.99 9999.99 9999.99 9999.99 9999.99 9999.99 9999.99 9999.99 9999.99 0.189188000
  74.541667   74.583333  677.1  300.06  6.8 9999.99 9999.99 9999.99 9999.99 9999.99 9999.99    1.76    1.10    0.84    0.12   -0.12    0.35    1.87    1.21    0.93    0.35   -0.05    0.55 0.189000000
  74.583333   74.625000  677.0  299.95  5.2    1.70    1.53    1.19    0.26    0.26    0.24    1.38    1.11    0.73   -0.15    0.05    0.03    2.13    1.84    1.59    0.67    0.49    0.51 0.000000000
  74.625000   74.666667  677.0  299.85  4.6    1.87    1.12    0.88    0.42    0.14    0.07    1.50    0.92    0.60    0.13    0.05   -0.23    2.44    1.41    1.44    0.68    0.33    0.37 0.189000000
  74.666667   74.708333  677.3  299.77  5.1 9999.99 9999.99 9999.99 9999.99 9999.99 9999.99 9999.99 9999.99 9999.99 9999.99 9999.99 9999.99 9999.99 9999.99 9999.99 9999.99 9999.99 9999.99 0.189000000
  74.708333   74.750000  677.7  299.86  5.1 9999.99 9999.99 9999.99 9999.99 9999.99 9999.99 9999.99 9999.99 9999.99 9999.99 9999.99 9999.99 9999.99 9999.99 9999.99 9999.99 9999.99 9999.99 0.189000000
  74.750000   74.791667  678.0  300.26  4.7 9999.99 9999.99 9999.99 9999.99 9999.99 9999.99 9999.99 9999.99 9999.99 9999.99 9999.99 9999.99 9999.99 9999.99 9999.99 9999.99 9999.99 9999.99 0.189188000
  74.791667   74.833333  678.4  300.83  8.6 9999.99 9999.99 9999.99 9999.99 9999.99 9999.99 9999.99 9999.99 9999.99 9999.99 9999.99 9999.99 9999.99 9999.99 9999.99 9999.99 9999.99 9999.99 0.189000000
  74.833333   74.875000  678.7  301.38 16.0 9999.99 9999.99 9999.99 9999.99 9999.99 9999.99 9999.99 9999.99 9999.99 9999.99 9999.99 9999.99 9999.99 9999.99 9999.99 9999.99 9999.99 9999.99 0.189000000
  74.875000   74.916667  678.7  301.46 18.7 9999.99 9999.99 9999.99 9999.99 9999.99 9999.99 9999.99 9999.99 9999.99 9999.99 9999.99 9999.99 9999.99 9999.99 9999.99 9999.99 9999.99 9999.99 0.189000000
  74.916667   74.958333  678.1  301.18 19.0 9999.99 9999.99 9999.99 9999.99 9999.99 9999.99 9999.99 9999.99 9999.99 9999.99 9999.99 9999.99 9999.99 9999.99 9999.99 9999.99 9999.99 9999.99 0.189000000
  74.958333   75.000000  677.4  301.17 19.4 9999.99 9999.99 9999.99 9999.99 9999.99 9999.99 9999.99 9999.99 9999.99 9999.99 9999.99 9999.99 9999.99 9999.99 9999.99 9999.99 9999.99 9999.99 0.189188000
  75.000000   75.041667  676.9  301.61 19.7 9999.99 9999.99 9999.99 9999.99 9999.99 9999.99 9999.99 9999.99 9999.99 9999.99 9999.99 9999.99 9999.99 9999.99 9999.99 9999.99 9999.99 9999.99 0.189000000
  75.041667   75.083333  676.6  301.40 18.8 9999.99 9999.99 9999.99 9999.99 9999.99 9999.99 9999.99 9999.99 9999.99 9999.99 9999.99 9999.99 9999.99 9999.99 9999.99 9999.99 9999.99 9999.99 0.189188000
  75.083333   75.125000  676.5  301.30 19.1 9999.99 9999.99 9999.99 9999.99 9999.99 9999.99 9999.99 9999.99 9999.99 9999.99 9999.99 9999.99 9999.99 9999.99 9999.99 9999.99 9999.99 9999.99 0.189188000
  75.125000   75.166667  676.7  301.17 19.6 9999.99 9999.99 9999.99 9999.99 9999.99 9999.99 9999.99 9999.99 9999.99 9999.99 9999.99 9999.99 9999.99 9999.99 9999.99 9999.99 9999.99 9999.99 0.189000000
  75.166667   75.208333  677.1  300.96 19.7 9999.99 9999.99 9999.99 9999.99 9999.99 9999.99 9999.99 9999.99 9999.99 9999.99 9999.99 9999.99 9999.99 9999.99 9999.99 9999.99 9999.99 9999.99 0.189000000
  75.208333   75.250000  677.3  300.79 19.5 9999.99 9999.99 9999.99 9999.99 9999.99 9999.99 9999.99 9999.99 9999.99 9999.99 9999.99 9999.99 9999.99 9999.99 9999.99 9999.99 9999.99 9999.99 0.189000000
  75.250000   75.291667  677.5  300.74 19.0 9999.99 9999.99 9999.99 9999.99 9999.99 9999.99 9999.99 9999.99 9999.99 9999.99 9999.99 9999.99 9999.99 9999.99 9999.99 9999.99 9999.99 9999.99 0.189000000
  75.291667   75.333333  678.0  300.68 18.6 9999.99 9999.99 9999.99 9999.99 9999.99 9999.99 9999.99 9999.99 9999.99 9999.99 9999.99 9999.99 9999.99 9999.99 9999.99 9999.99 9999.99 9999.99 0.189000000
  75.333333   75.375000  677.9  300.61 17.4 9999.99 9999.99 9999.99 9999.99 9999.99 9999.99 9999.99 9999.99 9999.99 9999.99 9999.99 9999.99 9999.99 9999.99 9999.99 9999.99 9999.99 9999.99 0.189188000
  75.375000   75.416667  677.7  300.44 15.8    3.93    2.60    1.68    0.21    0.40    0.20    3.66    2.31    1.39   -0.17    0.26   -0.02    4.32    2.78    1.94    0.51    0.54    0.58 0.189188000
  75.416667   75.458333  677.4  300.35 14.4    2.46    1.66    1.24    0.32    0.28    0.26    1.60    1.14    0.84    0.11    0.15    0.02    3.29    2.22    1.74    0.54    0.43    0.50 0.000000000
  75.458333   75.500000  677.0  300.28 13.0    1.82    1.19    0.79    0.44    0.11    0.06    1.51    1.00    0.61    0.16   -0.01   -0.18    2.09    1.41    1.07    0.64    0.24    0.21 0.000000000
  75.500000   75.541667  676.6  300.19 10.2    2.58    1.95    1.17    0.40    0.19    0.20    2.04    1.44    0.67   -0.01   -0.03    0.02    3.16    2.35    1.64    0.83    0.30    0.35 0.000000000
  75.541667   75.583333  676.3  300.07 12.0    1.55    1.61    1.41    0.13   -0.06    0.17    1.20    1.19    1.11   -0.22   -0.24   -0.10    1.93    1.91    1.70    0.52    0.23    0.48 0.000000000
  75.583333   75.625000  676.2  299.97 10.1    2.56    1.89    1.10    0.36    0.23    0.29    2.25    1.65    0.70    0.21    0.03    0.06    2.95    2.15    1.32    0.61    0.50    0.48 0.000000000
  75.625000   75.666667  676.3  299.79 11.9    2.15    1.49    0.85    0.20    0.35   -0.03    1.60    1.17    0.58    0.00    0.18   -0.18    2.64    1.92    1.26    0.50    0.54    0.15 0.000000000
  75.666667   75.708333  676.5  299.67 13.2    2.06    1.23    0.74    0.05    0.02    0.13    1.80    0.91    0.39   -0.29   -0.22   -0.02    2.46    1.53    1.03    0.33    0.16    0.38 0.000000000
  75.708333   75.750000  677.1  299.81 12.0 9999.99 9999.99 9999.99 9999.99 9999.99 9999.99    2.34    1.43    0.78    0.60    0.45   -0.73    2.34    1.43    0.78    0.60    0.45   -0.73 0.189000000
  75.750000   75.791667  677.6  300.21 11.2 9999.99 9999.99 9999.99 9999.99 9999.99 9999.99 9999.99 9999.99 9999.99 9999.99 9999.99 9999.99 9999.99 9999.99 9999.99 9999.99 9999.99 9999.99 0.189000000
  75.791667   75.833333  677.7  300.55 12.7 9999.99 9999.99 9999.99 9999.99 9999.99 9999.99 9999.99 9999.99 9999.99 9999.99 9999.99 9999.99 9999.99 9999.99 9999.99 9999.99 9999.99 9999.99 0.189188000
  75.833333   75.875000  677.7  301.23 14.3 9999.99 9999.99 9999.99 9999.99 9999.99 9999.99 9999.99 9999.99 9999.99 9999.99 9999.99 9999.99 9999.99 9999.99 9999.99 9999.99 9999.99 9999.99 0.189188000
  75.875000   75.916667  677.4  301.93 17.2 9999.99 9999.99 9999.99 9999.99 9999.99 9999.99 9999.99 9999.99 9999.99 9999.99 9999.99 9999.99 9999.99 9999.99 9999.99 9999.99 9999.99 9999.99 0.189000000
  75.916667   75.958333  677.1  302.23 18.0 9999.99 9999.99 9999.99 9999.99 9999.99 9999.99 9999.99 9999.99 9999.99 9999.99 9999.99 9999.99 9999.99 9999.99 9999.99 9999.99 9999.99 9999.99 0.189000000
  75.958333   76.000000  676.6  302.38 19.0 9999.99 9999.99 9999.99 9999.99 9999.99 9999.99 9999.99 9999.99 9999.99 9999.99 9999.99 9999.99 9999.99 9999.99 9999.99 9999.99 9999.99 9999.99 0.189188000
  76.000000   76.041667  676.2  302.23 20.4 9999.99 9999.99 9999.99 9999.99 9999.99 9999.99 9999.99 9999.99 9999.99 9999.99 9999.99 9999.99 9999.99 9999.99 9999.99 9999.99 9999.99 9999.99 0.189000000
  76.041667   76.083333  676.1  302.18 20.0 9999.99 9999.99 9999.99 9999.99 9999.99 9999.99 9999.99 9999.99 9999.99 9999.99 9999.99 9999.99 9999.99 9999.99 9999.99 9999.99 9999.99 9999.99 0.189188000
  76.083333   76.125000  676.4  302.54 18.1 9999.99 9999.99 9999.99 9999.99 9999.99 9999.99 9999.99 9999.99 9999.99 9999.99 9999.99 9999.99 9999.99 9999.99 9999.99 9999.99 9999.99 9999.99 0.189000000
  76.125000   76.166667  676.7  302.42 18.3 9999.99 9999.99 9999.99 9999.99 9999.99 9999.99 9999.99 9999.99 9999.99 9999.99 9999.99 9999.99 9999.99 9999.99 9999.99 9999.99 9999.99 9999.99 0.189000000
  76.166667   76.208333  677.1  302.16 17.8 9999.99 9999.99 9999.99 9999.99 9999.99 9999.99 9999.99 9999.99 9999.99 9999.99 9999.99 9999.99 9999.99 9999.99 9999.99 9999.99 9999.99 9999.99 0.189188000
  76.208333   76.250000  677.6  301.90 17.6 9999.99 9999.99 9999.99 9999.99 9999.99 9999.99 9999.99 9999.99 9999.99 9999.99 9999.99 9999.99 9999.99 9999.99 9999.99 9999.99 9999.99 9999.99 0.189000000
  76.250000   76.291667  678.0  301.72 17.5 9999.99 9999.99 9999.99 9999.99 9999.99 9999.99 9999.99 9999.99 9999.99 9999.99 9999.99 9999.99 9999.99 9999.99 9999.99 9999.99 9999.99 9999.99 0.189000000
  76.291667   76.333333  678.4  301.56 18.3 9999.99 9999.99 9999.99 9999.99 9999.99 9999.99    0.65    0.27    0.03   -0.30    0.13    0.04    1.00    1.09    0.50    0.26    0.34    0.46 0.189000000
  76.333333   76.375000  678.4  301.45 18.2    0.32    0.57    0.66    0.15    0.12    0.17   -0.19    0.25    0.21    0.04   -0.04   -0.23    1.05    0.85    1.13    0.29    0.34    0.61 0.189000000
  76.375000   76.416667  678.0  301.37 17.5    0.72    0.63    1.04    0.24    0.12    0.24    0.33    0.36    0.25    0.05   -0.06    0.00    1.29    1.17    1.52    0.45    0.26    0.44 0.189000000
  76.416667   76.458333  677.7  301.23 15.9    0.97    0.57    0.45    0.01    0.08    0.30    0.39    0.34    0.19   -0.29   -0.28   -0.00    1.37    0.82    0.74    0.29    0.32    0.41 0.189000000
  76.458333   76.500000  677.2  301.05 15.5 9999.99 9999.99 9999.99 9999.99 9999.99 9999.99 9999.99 9999.99 9999.99 9999.99 9999.99 9999.99 9999.99 9999.99 9999.99 9999.99 9999.99 9999.99 0.189188000
  76.500000   76.541667  676.6  300.92 13.9 9999.99 9999.99 9999.99 9999.99 9999.99 9999.99 9999.99 9999.99 9999.99 9999.99 9999.99 9999.99 9999.99 9999.99 9999.99 9999.99 9999.99 9999.99 0.189188000
  76.541667   76.583333  676.3  300.82 12.5 9999.99 9999.99 9999.99 9999.99 9999.99 9999.99 9999.99 9999.99 9999.99 9999.99 9999.99 9999.99 9999.99 9999.99 9999.99 9999.99 9999.99 9999.99 0.189188000
  76.583333   76.625000  676.6  300.66 14.5 9999.99 9999.99 9999.99 9999.99 9999.99 9999.99 9999.99 9999.99 9999.99 9999.99 9999.99 9999.99 9999.99 9999.99 9999.99 9999.99 9999.99 9999.99 0.189188000
  76.625000   76.666667  676.8  300.58 13.1 9999.99 9999.99 9999.99 9999.99 9999.99 9999.99 9999.99 9999.99 9999.99 9999.99 9999.99 9999.99 9999.99 9999.99 9999.99 9999.99 9999.99 9999.99 0.189188000
