data/US1200R.20200101000000.20210214053818.nephelometer.aerosol_light_scattering_coefficient.pm10.1y.1h.US06L_TSI_3563_MLO.US06L_scat_coef.lev2.nas
90 1001
Sheridan, Patrick
US06L, National Oceanic and Atmospheric Administration/Earth System Research Laboratory/Global Monitoring Division, NOAA/ESRL/GMD, , 325 Broadway, , 80305, "Boulder, CO", USA
Sheridan, Patrick
GAW-WDCA NOAA-ESRL
1 1
2020 01 01 2021 02 14
0.041667
days from file reference point
23
1 1 1 1 1 1 1 1 1 1 1 1 1 1 1 1 1 1 1 1 1 1 1
9999.999999 9999.9 9999.99 99.9 9999.99 9999.99 9999.99 9999.99 9999.99 9999.99 9999.99 9999.99 9999.99 9999.99 9999.99 9999.99 9999.99 9999.99 9999.99 9999.99 9999.99 9999.99 9.999999999
end_time of measurement, days from the file reference point
pressure, hPa, Location=instrument internal, Matrix=instrument
temperature, K, Location=instrument internal, Matrix=instrument
relative_humidity, %, Location=instrument internal, Matrix=instrument
aerosol_light_scattering_coefficient, 1/Mm, Wavelength=450 nm
aerosol_light_scattering_coefficient, 1/Mm, Wavelength=550 nm
aerosol_light_scattering_coefficient, 1/Mm, Wavelength=700 nm
aerosol_light_backscattering_coefficient, 1/Mm, Wavelength=450 nm
aerosol_light_backscattering_coefficient, 1/Mm, Wavelength=550 nm
aerosol_light_backscattering_coefficient, 1/Mm, Wavelength=700 nm
aerosol_light_scattering_coefficient, 1/Mm, Wavelength=450 nm, Statistics=percentile:15.87
aerosol_light_scattering_coefficient, 1/Mm, Wavelength=550 nm, Statistics=percentile:15.87
aerosol_light_scattering_coefficient, 1/Mm, Wavelength=700 nm, Statistics=percentile:15.87
aerosol_light_backscattering_coefficient, 1/Mm, Wavelength=450 nm, Statistics=percentile:15.87
aerosol_light_backscattering_coefficient, 1/Mm, Wavelength=550 nm, Statistics=percentile:15.87
aerosol_light_backscattering_coefficient, 1/Mm, Wavelength=700 nm, Statistics=percentile:15.87
aerosol_light_scattering_coefficient, 1/Mm, Wavelength=450 nm, Statistics=percentile:84.13
aerosol_light_scattering_coefficient, 1/Mm, Wavelength=550 nm, Statistics=percentile:84.13
aerosol_light_scattering_coefficient, 1/Mm, Wavelength=700 nm, Statistics=percentile:84.13
aerosol_light_backscattering_coefficient, 1/Mm, Wavelength=450 nm, Statistics=percentile:84.13
aerosol_light_backscattering_coefficient, 1/Mm, Wavelength=550 nm, Statistics=percentile:84.13
aerosol_light_backscattering_coefficient, 1/Mm, Wavelength=700 nm, Statistics=percentile:84.13
numflag
0
53
Data definition:              EBAS_1.1
Set type code:                TU
Timezone:                     UTC
File name:                    US1200R.20200101000000.20210214053818.nephelometer.aerosol_light_scattering_coefficient.pm10.1y.1h.US06L_TSI_3563_MLO.US06L_scat_coef.lev2.nas
File creation:                20210214053818
Startdate:                    20200101000000
Revision date:                20210214053818
Version:                      1
Version description:          Version numbering not tracked, generated by CPD3 EBAS Export v26-26-g3d69ddf-m run as cpd3_detached_task (31729) run by aerosol on aeroproc.cmdl.noaa.gov via cpd3_detached_task
Data level:                   2
Period code:                  1y
Resolution code:              1h
Sample duration:              1h
Orig. time res.:              1mn
Station code:                 US1200R
Station WDCA-ID:              GAWAUSHIMLO
Station GAW-ID:               MLO
Station GAW-Name:             Mauna Loa, Hawaii
Station state/province:       Hawaii
[...]
Laboratory code:              US06L
Instrument type:              nephelometer
Instrument name:              TSI_3563_MLO
Instrument manufacturer:      TSI
Instrument model:             3563
Instrument serial number:     1034
Method ref:                   US06L_scat_coef
Standard method:              cal-gas=CO2+AIR_truncation-correction=Anderson1998
Inlet type:                   Impactor--direct
Inlet description:            Switched impactor at 10 um
Humidity/temperature control: Heating to 40% RH, limit 40 deg. C
Volume std. temperature:      273.15K
Volume std. pressure:         1013.25hPa
Zero/negative values code:    Zero/negative possible
Zero/negative values:         Zero and neg. values may appear due to statistical variations at very low concentrations
Originator:                   Sheridan, Patrick, Patrick.Sheridan@noaa.gov, National Oceanic and Atmospheric Administration/Earth System Research Laboratory/Global Monitoring Division, NOAA/ESRL/GMD, , 325 Broadway, , 80305, "Boulder, CO", USA
Submitter:                    Sheridan, Patrick, Patrick.Sheridan@noaa.gov, National Oceanic and Atmospheric Administration/Earth System Research Laboratory/Global Monitoring Division, NOAA/ESRL/GMD, , 325 Broadway, , 80305, "Boulder, CO", USA
Acknowledgement:              Request acknowledgement details from data originator
Comment:                      Standard Anderson & Ogren 1998 values used for truncation correction
start_time end_time p_int T_int RH_int sc450 sc550 sc700 bsc450 bsc550 bsc700 sc450pc16 sc550pc16 sc700pc16 bsc450pc16 bsc550pc16 bsc700pc16 sc450pc84 sc550pc84 sc700pc84 bsc450pc84 bsc550pc84 bsc700pc84 numflag
[from data line 401]
  16.708333   16.750000  675.1  298.89 16.8    0.39    0.24    0.31    0.07   -0.07    0.20   -0.24    0.02   -0.07   -0.18   -0.29    0.01    1.18    0.50    0.64    0.27    0.12    0.46 0.000000000
  16.750000   16.791667  675.7  299.14 15.5 9999.99 9999.99 9999.99 9999.99 9999.99 9999.99   -0.47    0.47    0.01   -0.12   -0.22   -0.17    0.35    1.09    0.88    0.19    0.05    0.32 0.189000000
  16.791667   16.833333  676.1  299.49 15.9 9999.99 9999.99 9999.99 9999.99 9999.99 9999.99 9999.99 9999.99 9999.99 9999.99 9999.99 9999.99 9999.99 9999.99 9999.99 9999.99 9999.99 9999.99 0.189000000
  16.833333   16.875000  676.3  300.11 15.7 9999.99 9999.99 9999.99 9999.99 9999.99 9999.99 9999.99 9999.99 9999.99 9999.99 9999.99 9999.99 9999.99 9999.99 9999.99 9999.99 9999.99 9999.99 0.189000000
  16.875000   16.916667  676.1  300.91 17.1 9999.99 9999.99 9999.99 9999.99 9999.99 9999.99 9999.99 9999.99 9999.99 9999.99 9999.99 9999.99 9999.99 9999.99 9999.99 9999.99 9999.99 9999.99 0.189000000
  16.916667   16.958333  675.5  301.47 18.9 9999.99 9999.99 9999.99 9999.99 9999.99 9999.99 9999.99 9999.99 9999.99 9999.99 9999.99 9999.99 9999.99 9999.99 9999.99 9999.99 9999.99 9999.99 0.189000000
  16.958333   17.000000  675.0  301.81 20.6 9999.99 9999.99 9999.99 9999.99 9999.99 9999.99 9999.99 9999.99 9999.99 9999.99 9999.99 9999.99 9999.99 9999.99 9999.99 9999.99 9999.99 9999.99 0.189000000
  17.000000   17.041667  674.6  301.92 18.9 9999.99 9999.99 9999.99 9999.99 9999.99 9999.99 9999.99 9999.99 9999.99 9999.99 9999.99 9999.99 9999.99 9999.99 9999.99 9999.99 9999.99 9999.99 0.189000000
  17.041667   17.083333  674.5  301.87 19.0 9999.99 9999.99 9999.99 9999.99 9999.99 9999.99 9999.99 9999.99 9999.99 9999.99 9999.99 9999.99 9999.99 9999.99 9999.99 9999.99 9999.99 9999.99 0.189000000
  17.083333   17.125000  674.7  301.67 18.3 9999.99 9999.99 9999.99 9999.99 9999.99 9999.99 9999.99 9999.99 9999.99 9999.99 9999.99 9999.99 9999.99 9999.99 9999.99 9999.99 9999.99 9999.99 0.189000000
  17.125000   17.166667  675.1  301.36 18.4 9999.99 9999.99 9999.99 9999.99 9999.99 9999.99 9999.99 9999.99 9999.99 9999.99 9999.99 9999.99 9999.99 9999.99 9999.99 9999.99 9999.99 9999.99 0.189000000
  17.166667   17.208333  675.4  301.00 18.4 9999.99 9999.99 9999.99 9999.99 9999.99 9999.99 9999.99 9999.99 9999.99 9999.99 9999.99 9999.99 9999.99 9999.99 9999.99 9999.99 9999.99 9999.99 0.189000000
  17.208333   17.250000  675.7  300.63 16.7 9999.99 9999.99 9999.99 9999.99 9999.99 9999.99 9999.99 9999.99 9999.99 9999.99 9999.99 9999.99 9999.99 9999.99 9999.99 9999.99 9999.99 9999.99 0.189000000
  17.250000   17.291667  675.9  300.24 10.8    0.72    0.52    0.28    0.56    0.02    0.34    0.18    0.14   -0.14    0.36   -0.23    0.08    1.56    0.92    0.95    0.74    0.21    0.66 0.000000000
  17.291667   17.333333  676.2  299.79  1.8    2.50    1.97    1.67    0.35    0.30    0.11    1.91    1.45    1.46    0.11    0.09   -0.18    2.99    2.41    1.93    0.51    0.45    0.33 0.189000000
  17.333333   17.375000  676.3  299.44  0.0 9999.99 9999.99 9999.99 9999.99 9999.99 9999.99 9999.99 9999.99 9999.99 9999.99 9999.99 9999.99 9999.99 9999.99 9999.99 9999.99 9999.99 9999.99 0.189188000
  17.375000   17.416667  676.2  299.12  0.0 9999.99 9999.99 9999.99 9999.99 9999.99 9999.99 9999.99 9999.99 9999.99 9999.99 9999.99 9999.99 9999.99 9999.99 9999.99 9999.99 9999.99 9999.99 0.189188000
  17.416667   17.458333  676.1  298.88  0.0    3.73    2.91    2.24    0.33    0.34    0.08    3.32    2.63    1.90    0.04    0.17   -0.23    4.36    3.20    2.59    0.51    0.50    0.39 0.189000000
  17.458333   17.500000  675.8  298.67  0.1    3.38    2.74    2.45    0.19    0.30    0.20    2.89    2.37    1.92   -0.05    0.07   -0.07    3.86    3.08    2.92    0.57    0.42    0.51 0.189000000
  17.500000   17.541667  675.5  298.42  0.0    2.99    2.66    2.49    0.60    0.38    0.11    2.54    2.29    1.99    0.23    0.21   -0.19    3.32    3.00    2.79    0.77    0.50    0.43 0.000000000
  17.541667   17.583333  675.2  298.19  0.0    2.86    2.46    2.17    0.62    0.34    0.40    2.46    2.10    1.82    0.40    0.11    0.14    3.46    2.83    2.63    0.83    0.60    0.60 0.000000000
  17.583333   17.625000  675.3  298.01  0.0    2.31    2.25    2.42    0.38    0.07    0.34    1.97    1.93    2.18    0.16   -0.12    0.16    2.94    2.48    2.75    0.66    0.22    0.56 0.000000000
  17.625000   17.666667  675.7  297.78  0.0    2.34    2.25    1.82    0.15    0.34    0.12    1.88    1.92    1.56   -0.08    0.17   -0.17    2.80    2.67    2.08    0.33    0.49    0.30 0.000000000
  17.666667   17.708333  676.1  297.63  0.0    1.91    2.05    1.93    0.29    0.13    0.23    1.35    1.75    1.55    0.08   -0.09    0.09    2.30    2.32    2.55    0.45    0.37    0.46 0.000000000
  17.708333   17.750000  676.5  297.54  0.0    1.94    1.57    1.29    0.47    0.31    0.40    1.19    1.24    0.99    0.20    0.08    0.15    2.22    1.98    1.58    0.70    0.44    0.74 0.000000000
  17.750000   17.791667  677.1  297.84  0.0    1.67    1.37    1.54   -0.08    0.22    0.22    1.33    1.01    0.82   -0.36   -0.05   -0.02    2.06    1.65    2.09    0.28    0.43    0.43 0.000000000
  17.791667   17.833333  677.9  298.45  0.2 9999.99 9999.99 9999.99 9999.99 9999.99 9999.99    1.50    1.56    1.57    0.12   -0.01    0.17    1.53    2.17    1.68    0.34    0.03    0.27 0.189000000
  17.833333   17.875000  678.1  298.95  0.1 9999.99 9999.99 9999.99 9999.99 9999.99 9999.99 9999.99 9999.99 9999.99 9999.99 9999.99 9999.99 9999.99 9999.99 9999.99 9999.99 9999.99 9999.99 0.189000000
  17.875000   17.916667  677.9  299.36  0.0 9999.99 9999.99 9999.99 9999.99 9999.99 9999.99 9999.99 9999.99 9999.99 9999.99 9999.99 9999.99 9999.99 9999.99 9999.99 9999.99 9999.99 9999.99 0.189000000
  17.916667   17.958333  677.5  299.85  0.9 9999.99 9999.99 9999.99 9999.99 9999.99 9999.99 9999.99 9999.99 9999.99 9999.99 9999.99 9999.99 9999.99 9999.99 9999.99 9999.99 9999.99 9999.99 0.189000000
  17.958333   18.000000  677.0  300.40  3.4 9999.99 9999.99 9999.99 9999.99 9999.99 9999.99 9999.99 9999.99 9999.99 9999.99 9999.99 9999.99 9999.99 9999.99 9999.99 9999.99 9999.99 9999.99 0.189000000
  18.000000   18.041667  676.8  300.94 12.5 9999.99 9999.99 9999.99 9999.99 9999.99 9999.99 9999.99 9999.99 9999.99 9999.99 9999.99 9999.99 9999.99 9999.99 9999.99 9999.99 9999.99 9999.99 0.189000000
  18.041667   18.083333  676.9  301.35 15.8 9999.99 9999.99 9999.99 9999.99 9999.99 9999.99 9999.99 9999.99 9999.99 9999.99 9999.99 9999.99 9999.99 9999.99 9999.99 9999.99 9999.99 9999.99 0.189000000
  18.083333   18.125000  677.3  301.67 16.5 9999.99 9999.99 9999.99 9999.99 9999.99 9999.99 9999.99 9999.99 9999.99 9999.99 9999.99 9999.99 9999.99 9999.99 9999.99 9999.99 9999.99 9999.99 0.189000000
  18.125000   18.166667  677.6  301.75 13.0 9999.99 9999.99 9999.99 9999.99 9999.99 9999.99 9999.99 9999.99 9999.99 9999.99 9999.99 9999.99 9999.99 9999.99 9999.99 9999.99 9999.99 9999.99 0.189188000
  18.166667   18.208333  678.1  301.47  3.1 9999.99 9999.99 9999.99 9999.99 9999.99 9999.99 9999.99 9999.99 9999.99 9999.99 9999.99 9999.99 9999.99 9999.99 9999.99 9999.99 9999.99 9999.99 0.189188000
  18.208333   18.250000  678.6  300.97  0.1 9999.99 9999.99 9999.99 9999.99 9999.99 9999.99 9999.99 9999.99 9999.99 9999.99 9999.99 9999.99 9999.99 9999.99 9999.99 9999.99 9999.99 9999.99 0.189188000
  18.250000   18.291667  678.8  300.62  0.3 9999.99 9999.99 9999.99 9999.99 9999.99 9999.99 9999.99 9999.99 9999.99 9999.99 9999.99 9999.99 9999.99 9999.99 9999.99 9999.99 9999.99 9999.99 0.189188000
  18.291667   18.333333  678.8  300.25  0.3    1.60    1.31    1.24    0.10    0.14   -0.02    1.17    1.00    0.87   -0.18   -0.04   -0.16    2.08    1.70    1.63    0.42    0.25    0.13 0.189000000
  18.333333   18.375000  678.7  299.98  0.0    1.39    1.06    0.99    0.14    0.16    0.31    0.88    0.64    0.61   -0.05   -0.13   -0.06    1.71    1.40    1.34    0.35    0.35    0.55 0.000000000
  18.375000   18.416667  678.5  299.69  0.1    1.62    1.31    1.13    0.20    0.20    0.18    1.29    0.97    0.61   -0.11    0.02   -0.10    1.91    1.61    1.63    0.49    0.40    0.43 0.000000000
  18.416667   18.458333  678.2  299.37  0.1    1.33    1.01    0.75    0.13    0.18    0.18    0.91    0.68    0.32   -0.16    0.04   -0.06    1.75    1.23    1.14    0.25    0.30    0.39 0.000000000
  18.458333   18.500000  677.9  299.11  0.5 9999.99 9999.99 9999.99 9999.99 9999.99 9999.99 9999.99 9999.99 9999.99 9999.99 9999.99 9999.99 9999.99 9999.99 9999.99 9999.99 9999.99 9999.99 0.189000000
  18.500000   18.541667  677.3  298.87  0.0 9999.99 9999.99 9999.99 9999.99 9999.99 9999.99    0.51    1.19    0.33    0.11    0.01    0.29    0.51    1.19    0.33    0.11    0.01    0.29 0.189000000
  18.541667   18.583333  676.8  298.61  0.4    1.44    1.14    1.16    0.18    0.14    0.22    1.12    0.72    0.87   -0.03    0.01   -0.12    1.85    1.56    1.48    0.44    0.28    0.49 0.000000000
  18.583333   18.625000  676.7  298.64  1.7    1.59    1.14    1.27    0.24    0.22    0.41    1.41    0.92    0.86    0.05    0.09    0.02    1.95    1.42    1.73    0.55    0.41    0.70 0.000000000
  18.625000   18.666667  677.0  298.64  2.0    1.35    0.96    1.04    0.22    0.06    0.31    1.05    0.69    0.66   -0.11   -0.20    0.13    1.73    1.40    1.30    0.38    0.29    0.54 0.000000000
  18.666667   18.708333  677.4  298.50  1.8    1.29    1.02    1.20    0.26   -0.01    0.02    0.69    0.76    0.83    0.08   -0.22   -0.18    1.78    1.34    1.53    0.57    0.22    0.20 0.000000000
  18.708333   18.750000  678.0  298.26  1.8    1.23    1.01    0.91    0.12    0.03    0.23    0.73    0.76    0.43   -0.12   -0.13    0.03    1.93    1.38    1.56    0.34    0.20    0.42 0.000000000
  18.750000   18.791667  678.6  298.46  1.6    1.38    1.04    0.71    0.03    0.27   -0.01    0.99    0.75    0.16   -0.11    0.13   -0.33    1.75    1.22    0.94    0.14    0.45    0.31 0.189000000
  18.791667   18.833333  679.2  298.88  1.3 9999.99 9999.99 9999.99 9999.99 9999.99 9999.99 9999.99 9999.99 9999.99 9999.99 9999.99 9999.99 9999.99 9999.99 9999.99 9999.99 9999.99 9999.99 0.189000000
  18.833333   18.875000  679.4  299.31  1.3 9999.99 9999.99 9999.99 9999.99 9999.99 9999.99 9999.99 9999.99 9999.99 9999.99 9999.99 9999.99 9999.99 9999.99 9999.99 9999.99 9999.99 9999.99 0.189000000
  18.875000   18.916667  679.0  299.75  0.9 9999.99 9999.99 9999.99 9999.99 9999.99 9999.99 9999.99 9999.99 9999.99 9999.99 9999.99 9999.99 9999.99 9999.99 9999.99 9999.99 9999.99 9999.99 0.189000000
  18.916667   18.958333  678.5  300.19  1.2 9999.99 9999.99 9999.99 9999.99 9999.99 9999.99 9999.99 9999.99 9999.99 9999.99 9999.99 9999.99 9999.99 9999.99 9999.99 9999.99 9999.99 9999.99 0.189000000
  18.958333   19.000000  677.9  300.68  1.2 9999.99 9999.99 9999.99 9999.99 9999.99 9999.99 9999.99 9999.99 9999.99 9999.99 9999.99 9999.99 9999.99 9999.99 9999.99 9999.99 9999.99 9999.99 0.189000000
  19.000000   19.041667  677.5  301.09  0.9 9999.99 9999.99 9999.99 9999.99 9999.99 9999.99 9999.99 9999.99 9999.99 9999.99 9999.99 9999.99 9999.99 9999.99 9999.99 9999.99 9999.99 9999.99 0.189000000
  19.041667   19.083333  677.3  301.37  4.8 9999.99 9999.99 9999.99 9999.99 9999.99 9999.99 9999.99 9999.99 9999.99 9999.99 9999.99 9999.99 9999.99 9999.99 9999.99 9999.99 9999.99 9999.99 0.189000000
  19.083333   19.125000  677.5  301.62  6.9 9999.99 9999.99 9999.99 9999.99 9999.99 9999.99 9999.99 9999.99 9999.99 9999.99 9999.99 9999.99 9999.99 9999.99 9999.99 9999.99 9999.99 9999.99 0.189000000
  19.125000   19.166667  677.9  301.75  1.3 9999.99 9999.99 9999.99 9999.99 9999.99 9999.99 9999.99 9999.99 9999.99 9999.99 9999.99 9999.99 9999.99 9999.99 9999.99 9999.99 9999.99 9999.99 0.189000000
  19.166667   19.208333  678.4  301.46  0.1 9999.99 9999.99 9999.99 9999.99 9999.99 9999.99 9999.99 9999.99 9999.99 9999.99 9999.99 9999.99 9999.99 9999.99 9999.99 9999.99 9999.99 9999.99 0.189000000
  19.208333   19.250000  678.9  301.02  0.1    2.08    2.25    2.64    0.14    0.25    0.11    1.51    1.90    2.01   -0.16    0.07   -0.12    2.47    2.69    2.97    0.35    0.44    0.44 0.189000000
  19.250000   19.291667  679.3  300.71  0.3    2.33    2.02    1.75    0.19    0.38    0.38    1.81    1.58    1.49   -0.15    0.23    0.05    2.74    2.42    2.16    0.57    0.58    0.64 0.000000000
  19.291667   19.333333  679.6  300.35  0.3    2.34    2.15    1.99    0.23    0.46    0.59    1.76    1.50    1.44   -0.01    0.30    0.39    2.99    2.84    2.75    0.53    0.65    0.80 0.000000000
  19.333333   19.375000  679.5  300.01  0.0    1.96    1.76    0.84    0.08    0.28    0.26    1.60    1.53    0.54   -0.30    0.10   -0.06    2.28    2.06    1.21    0.37    0.42    0.44 0.000000000
  19.375000   19.416667  679.3  299.70  0.0    1.69    1.23    1.32    0.23    0.33    0.14    1.28    0.97    0.92    0.04    0.16   -0.08    1.91    1.55    1.90    0.44    0.52    0.39 0.000000000
  19.416667   19.458333  679.1  299.37  0.0    1.77    1.54    1.54    0.41    0.32    0.42    1.38    1.17    1.01    0.19    0.13    0.20    2.16    1.86    2.10    0.66    0.41    0.67 0.000000000
  19.458333   19.500000  678.7  299.06  0.3    2.73    2.11    1.28    0.18    0.30    0.34    2.26    1.94    0.84   -0.14    0.08    0.23    3.16    2.36    1.74    0.49    0.46    0.57 0.000000000
  19.500000   19.541667  678.2  298.82  0.4    2.68    1.87    1.64    0.29    0.15    0.37    2.22    1.54    1.40    0.03   -0.04    0.11    3.22    2.22    1.87    0.57    0.34    0.64 0.000000000
  19.541667   19.583333  677.9  298.61  1.1    2.56    2.19    1.51    0.22    0.25    0.02    2.12    1.94    1.13   -0.05    0.06   -0.18    3.06    2.46    1.76    0.53    0.40    0.19 0.000000000
  19.583333   19.625000  677.7  298.43  2.1    2.50    1.76    1.42    0.25    0.24    0.26    2.05    1.52    1.10    0.07    0.07    0.06    2.92    2.08    1.81    0.54    0.42    0.47 0.000000000
  19.625000   19.666667  677.6  298.16  3.0    2.85    1.95    1.46    0.44    0.15    0.35    2.55    1.77    0.96    0.21   -0.02    0.13    3.09    2.15    1.70    0.62    0.29    0.62 0.000000000
  19.666667   19.708333  678.0  297.89  2.8    2.69    1.56    1.12    0.30    0.35    0.50    2.33    1.40    0.87   -0.01    0.13    0.34    3.12    1.74    1.54    0.54    0.57    0.66 0.000000000
  19.708333   19.750000  678.6  297.69  2.8    2.83    1.79    1.23    0.39    0.42    0.47    2.38    1.44    0.71    0.19    0.22    0.08    3.09    2.16    1.52    0.68    0.58    0.71 0.000000000
  19.750000   19.791667  679.2  297.99  1.4    2.68    1.74    1.08    0.18    0.23    0.13    2.30    1.45    0.76   -0.09    0.03   -0.16    3.08    2.00    1.37    0.52    0.42    0.41 0.000000000
  19.791667   19.833333  679.8  298.61  1.5    2.51    1.92    1.00    0.43    0.40    0.26    2.13    1.68    0.58    0.19    0.21    0.10    3.11    2.20    1.43    0.67    0.61    0.44 0.189000000
  19.833333   19.875000  679.8  299.23  0.0 9999.99 9999.99 9999.99 9999.99 9999.99 9999.99 9999.99 9999.99 9999.99 9999.99 9999.99 9999.99 9999.99 9999.99 9999.99 9999.99 9999.99 9999.99 0.189000000
  19.875000   19.916667  679.5  299.86  0.0 9999.99 9999.99 9999.99 9999.99 9999.99 9999.99 9999.99 9999.99 9999.99 9999.99 9999.99 9999.99 9999.99 9999.99 9999.99 9999.99 9999.99 9999.99 0.189000000
  19.916667   19.958333  678.8  300.42  0.5 9999.99 9999.99 9999.99 9999.99 9999.99 9999.99 9999.99 9999.99 9999.99 9999.99 9999.99 9999.99 9999.99 9999.99 9999.99 9999.99 9999.99 9999.99 0.189000000
  19.958333   20.000000  678.2  301.06  1.4 9999.99 9999.99 9999.99 9999.99 9999.99 9999.99 9999.99 9999.99 9999.99 9999.99 9999.99 9999.99 9999.99 9999.99 9999.99 9999.99 9999.99 9999.99 0.189000000
